,True Label,Predicted Label
0,7,7
1,2,2
2,1,1
3,0,0
4,4,4
5,1,1
6,4,4
7,9,9
8,5,5
9,9,9
10,0,0
11,6,6
12,9,9
13,0,0
14,1,1
15,5,3
16,9,9
17,7,7
18,3,2
19,4,4
20,9,9
21,6,6
22,6,6
23,5,5
24,4,4
25,0,0
26,7,7
27,4,4
28,0,0
29,1,1
30,3,3
31,1,1
32,3,3
33,4,4
34,7,7
35,2,2
36,7,2
37,1,1
38,2,2
39,1,1
40,1,1
41,7,7
42,4,4
43,2,7
44,3,3
45,5,5
46,1,1
47,2,2
48,4,4
49,4,4
50,6,6
51,3,3
52,5,5
53,5,5
54,6,6
55,0,0
56,4,4
57,1,1
58,9,9
59,5,5
60,7,7
61,8,8
62,9,7
63,3,2
64,7,7
65,4,4
66,6,0
67,4,4
68,3,3
69,0,0
70,7,7
71,0,0
72,2,2
73,9,8
74,1,1
75,7,8
76,3,3
77,2,2
78,9,9
79,7,7
80,7,7
81,6,6
82,2,2
83,7,7
84,8,8
85,4,4
86,7,7
87,3,3
88,6,6
89,1,1
90,3,3
91,6,6
92,9,9
93,3,3
94,1,1
95,4,4
96,1,1
97,7,7
98,6,5
99,9,9
100,6,6
101,0,0
102,5,5
103,4,4
104,9,4
105,9,9
106,2,2
107,1,1
108,9,9
109,4,4
110,8,8
111,7,7
112,3,5
113,9,9
114,7,2
115,4,5
116,4,4
117,4,4
118,9,9
119,2,2
120,5,5
121,4,4
122,7,7
123,6,6
124,7,4
125,9,4
126,0,0
127,5,5
128,8,8
129,5,5
130,6,6
131,6,6
132,5,5
133,7,2
134,8,8
135,1,1
136,0,0
137,1,1
138,6,6
139,4,4
140,6,6
141,7,7
142,3,3
143,1,1
144,7,9
145,1,1
146,8,8
147,2,2
148,0,0
149,2,2
150,9,9
151,9,3
152,5,5
153,5,5
154,1,1
155,5,5
156,6,6
157,0,0
158,3,2
159,4,4
160,4,9
161,6,6
162,5,5
163,4,4
164,6,6
165,5,5
166,4,4
167,5,5
168,1,1
169,4,4
170,4,4
171,7,2
172,2,2
173,3,3
174,2,2
175,7,7
176,1,1
177,8,8
178,1,1
179,8,8
180,1,1
181,8,8
182,5,5
183,0,0
184,8,2
185,9,9
186,2,2
187,5,5
188,0,0
189,1,1
190,1,8
191,1,1
192,0,0
193,9,9
194,0,0
195,3,4
196,1,1
197,6,6
198,4,4
199,2,2
200,3,8
201,6,6
202,1,1
203,1,4
204,1,1
205,3,3
206,9,9
207,5,5
208,2,2
209,9,9
210,4,4
211,5,5
212,9,9
213,3,3
214,9,9
215,0,0
216,3,3
217,6,5
218,5,5
219,5,5
220,7,7
221,2,2
222,2,2
223,7,7
224,1,1
225,2,2
226,8,8
227,4,4
228,1,1
229,7,7
230,3,3
231,3,3
232,8,8
233,8,8
234,7,7
235,9,9
236,2,2
237,2,2
238,4,4
239,1,1
240,5,5
241,9,5
242,8,8
243,7,2
244,2,2
245,3,6
246,0,0
247,4,4
248,4,4
249,2,2
250,4,4
251,1,1
252,9,9
253,5,5
254,7,7
255,7,3
256,2,2
257,8,8
258,2,2
259,6,6
260,8,8
261,5,5
262,7,7
263,7,7
264,9,9
265,1,1
266,8,8
267,1,1
268,8,5
269,0,0
270,3,3
271,0,0
272,1,1
273,9,9
274,9,9
275,4,4
276,1,1
277,8,8
278,2,2
279,1,1
280,2,2
281,9,9
282,7,3
283,5,5
284,9,9
285,2,2
286,6,6
287,4,4
288,1,1
289,5,5
290,8,9
291,2,2
292,9,9
293,2,2
294,0,0
295,4,4
296,0,0
297,0,0
298,2,2
299,8,8
300,4,4
301,7,2
302,1,1
303,2,2
304,4,7
305,0,0
306,2,2
307,7,9
308,4,4
309,3,3
310,3,3
311,0,0
312,0,0
313,3,3
314,1,1
315,9,9
316,6,8
317,5,5
318,2,2
319,5,5
320,9,5
321,2,3
322,9,9
323,3,3
324,0,5
325,4,4
326,2,2
327,0,0
328,7,8
329,1,1
330,1,1
331,2,2
332,1,1
333,5,5
334,3,3
335,3,3
336,9,9
337,7,3
338,8,2
339,6,6
340,5,5
341,6,6
342,1,1
343,3,3
344,8,8
345,1,1
346,0,0
347,5,5
348,1,1
349,3,3
350,1,1
351,5,5
352,5,5
353,6,6
354,1,4
355,8,8
356,5,5
357,1,1
358,7,7
359,9,8
360,4,4
361,6,6
362,2,2
363,2,2
364,5,5
365,0,0
366,6,4
367,5,5
368,6,6
369,3,3
370,7,7
371,2,2
372,0,0
373,8,8
374,8,8
375,5,5
376,4,4
377,1,1
378,1,4
379,4,4
380,0,0
381,3,3
382,3,3
383,7,7
384,6,6
385,1,4
386,6,6
387,2,2
388,1,1
389,9,9
390,2,2
391,8,8
392,6,6
393,1,1
394,9,9
395,5,5
396,2,2
397,5,5
398,4,4
399,4,4
400,2,2
401,8,8
402,3,3
403,8,8
404,2,2
405,4,2
406,5,0
407,0,0
408,3,2
409,1,1
410,7,7
411,7,7
412,5,8
413,7,7
414,9,9
415,7,7
416,1,1
417,9,9
418,2,2
419,1,1
420,4,4
421,2,2
422,9,9
423,2,2
424,0,0
425,4,4
426,9,9
427,1,1
428,4,4
429,8,8
430,1,1
431,8,8
432,4,4
433,5,5
434,9,9
435,8,3
436,8,8
437,3,3
438,7,7
439,6,6
440,0,0
441,0,0
442,3,3
443,0,0
444,2,2
445,6,0
446,6,6
447,4,8
448,9,8
449,3,5
450,3,5
451,3,3
452,2,2
453,3,2
454,9,9
455,1,1
456,2,2
457,6,5
458,8,8
459,0,0
460,5,5
461,6,6
462,6,6
463,6,6
464,3,8
465,8,8
466,8,8
467,2,2
468,7,8
469,5,5
470,8,8
471,9,9
472,6,6
473,1,1
474,8,8
475,4,4
476,1,1
477,2,2
478,5,5
479,9,8
480,1,1
481,9,9
482,7,7
483,5,5
484,4,4
485,0,0
486,8,8
487,9,9
488,9,9
489,1,1
490,0,0
491,5,5
492,2,2
493,3,3
494,7,7
495,8,8
496,9,9
497,4,8
498,0,0
499,6,6
500,3,3
501,9,9
502,5,5
503,2,2
504,1,4
505,3,3
506,1,1
507,3,5
508,6,5
509,5,5
510,7,8
511,4,4
512,2,2
513,2,2
514,6,6
515,3,3
516,2,2
517,6,6
518,5,5
519,4,4
520,8,3
521,9,9
522,7,7
523,1,1
524,3,3
525,0,0
526,3,3
527,8,8
528,3,3
529,1,1
530,9,9
531,3,8
532,4,4
533,4,4
534,6,6
535,4,4
536,2,2
537,1,1
538,8,8
539,2,2
540,5,5
541,4,4
542,8,6
543,8,8
544,4,4
545,0,0
546,0,0
547,2,2
548,3,3
549,2,2
550,7,7
551,7,2
552,0,0
553,8,8
554,7,7
555,4,4
556,4,4
557,7,5
558,9,9
559,6,4
560,9,9
561,0,0
562,9,9
563,8,8
564,0,0
565,4,4
566,6,6
567,0,0
568,6,6
569,3,2
570,5,5
571,4,9
572,8,8
573,3,3
574,3,3
575,9,9
576,3,3
577,3,3
578,3,3
579,7,7
580,8,8
581,0,0
582,8,8
583,2,2
584,1,1
585,7,7
586,0,0
587,6,6
588,5,5
589,4,4
590,3,3
591,8,3
592,0,0
593,9,9
594,6,6
595,3,3
596,8,8
597,0,0
598,9,9
599,9,9
600,6,6
601,8,8
602,6,6
603,8,8
604,5,5
605,7,9
606,8,8
607,6,6
608,0,0
609,2,2
610,4,4
611,0,0
612,2,2
613,2,2
614,3,3
615,1,1
616,9,9
617,7,9
618,5,5
619,1,8
620,0,0
621,8,8
622,4,4
623,6,4
624,2,2
625,6,6
626,7,7
627,9,9
628,3,9
629,2,2
630,9,9
631,8,8
632,2,2
633,2,2
634,9,9
635,2,2
636,7,7
637,3,3
638,5,5
639,9,9
640,1,5
641,8,8
642,0,0
643,2,2
644,0,0
645,5,5
646,2,7
647,1,1
648,3,3
649,7,7
650,6,6
651,7,7
652,1,1
653,2,2
654,5,5
655,8,8
656,0,0
657,3,3
658,7,4
659,2,3
660,4,4
661,0,0
662,9,9
663,1,1
664,8,8
665,6,6
666,7,7
667,7,7
668,4,4
669,3,3
670,4,4
671,9,4
672,1,1
673,9,9
674,5,5
675,1,1
676,7,2
677,3,2
678,9,9
679,7,5
680,6,4
681,9,9
682,1,1
683,3,5
684,7,3
685,8,8
686,3,3
687,3,3
688,6,6
689,7,7
690,2,2
691,8,3
692,5,5
693,8,8
694,5,5
695,1,1
696,1,1
697,4,4
698,4,4
699,3,3
700,1,1
701,0,0
702,7,7
703,7,7
704,0,0
705,7,7
706,9,9
707,4,9
708,4,4
709,8,8
710,5,8
711,5,5
712,4,4
713,0,0
714,8,8
715,2,2
716,1,1
717,0,2
718,8,8
719,4,4
720,5,3
721,0,0
722,4,4
723,0,0
724,6,6
725,1,1
726,7,5
727,3,2
728,2,2
729,6,6
730,7,7
731,2,2
732,6,6
733,9,9
734,3,2
735,1,1
736,4,4
737,6,0
738,2,2
739,5,5
740,4,4
741,2,2
742,0,0
743,6,6
744,2,2
745,1,1
746,7,7
747,3,3
748,4,4
749,1,1
750,0,0
751,5,5
752,4,4
753,3,3
754,1,1
755,1,1
756,7,7
757,4,4
758,9,9
759,9,9
760,4,4
761,8,8
762,4,4
763,0,0
764,2,2
765,4,4
766,5,5
767,1,1
768,1,1
769,6,6
770,4,4
771,7,7
772,1,1
773,9,9
774,4,4
775,2,2
776,4,2
777,1,1
778,5,5
779,5,5
780,3,3
781,8,8
782,3,3
783,1,1
784,4,4
785,5,5
786,6,6
787,8,8
788,9,9
789,4,4
790,1,1
791,5,5
792,3,3
793,8,8
794,0,0
795,3,5
796,2,2
797,5,5
798,1,1
799,2,2
800,8,3
801,3,8
802,4,4
803,4,4
804,0,5
805,8,8
806,8,8
807,3,3
808,3,3
809,1,1
810,7,2
811,3,3
812,5,5
813,9,9
814,6,6
815,3,3
816,2,2
817,6,6
818,1,1
819,3,3
820,6,6
821,0,0
822,7,7
823,2,2
824,1,1
825,7,7
826,1,1
827,4,4
828,2,3
829,4,5
830,2,2
831,1,7
832,7,9
833,9,7
834,6,6
835,1,1
836,1,1
837,2,2
838,4,4
839,8,8
840,1,1
841,7,7
842,7,7
843,4,4
844,8,3
845,0,0
846,7,0
847,3,3
848,1,1
849,3,3
850,1,1
851,0,0
852,7,7
853,7,7
854,0,0
855,3,3
856,5,5
857,5,5
858,2,2
859,7,7
860,6,6
861,6,6
862,9,9
863,2,8
864,8,8
865,3,5
866,5,8
867,2,2
868,2,2
869,5,5
870,6,5
871,0,0
872,8,8
873,2,2
874,9,9
875,2,2
876,8,8
877,8,8
878,8,8
879,8,8
880,7,7
881,4,9
882,9,4
883,3,5
884,0,0
885,6,6
886,6,6
887,3,3
888,2,2
889,1,1
890,3,5
891,2,2
892,2,2
893,9,9
894,3,3
895,0,2
896,0,0
897,5,5
898,7,7
899,8,8
900,1,1
901,4,4
902,4,4
903,6,6
904,0,0
905,2,2
906,9,9
907,1,1
908,4,4
909,7,7
910,4,4
911,7,7
912,3,3
913,9,9
914,8,8
915,8,8
916,4,4
917,7,7
918,1,1
919,2,2
920,1,1
921,2,2
922,2,2
923,3,3
924,2,2
925,3,3
926,2,2
927,3,3
928,9,9
929,1,1
930,7,4
931,4,4
932,0,0
933,3,3
934,5,5
935,5,5
936,8,8
937,6,6
938,3,5
939,2,2
940,6,6
941,7,7
942,6,5
943,6,6
944,3,3
945,2,2
946,7,7
947,8,9
948,1,1
949,1,1
950,7,3
951,5,7
952,6,6
953,4,4
954,9,9
955,5,5
956,1,2
957,3,5
958,3,5
959,4,4
960,7,7
961,8,8
962,9,9
963,1,1
964,1,1
965,6,6
966,9,8
967,1,1
968,4,4
969,4,4
970,5,5
971,4,4
972,0,0
973,6,6
974,2,2
975,2,2
976,3,8
977,1,1
978,5,5
979,1,1
980,2,2
981,0,0
982,3,3
983,8,8
984,1,1
985,2,2
986,6,6
987,7,9
988,1,1
989,6,6
990,2,2
991,3,3
992,9,9
993,0,0
994,1,1
995,2,2
996,2,2
997,0,0
998,8,8
999,9,9
1000,9,9
1001,0,0
1002,2,2
1003,5,5
1004,1,1
1005,9,9
1006,7,7
1007,8,8
1008,1,1
1009,0,0
1010,4,9
1011,1,1
1012,7,9
1013,9,9
1014,6,5
1015,4,4
1016,2,2
1017,6,2
1018,8,8
1019,1,1
1020,3,3
1021,7,7
1022,5,5
1023,4,4
1024,4,4
1025,1,1
1026,8,8
1027,1,1
1028,3,5
1029,8,8
1030,1,1
1031,2,2
1032,5,5
1033,8,8
1034,0,0
1035,6,6
1036,2,2
1037,1,1
1038,1,1
1039,7,3
1040,1,1
1041,5,5
1042,3,3
1043,4,4
1044,6,8
1045,9,9
1046,5,5
1047,0,0
1048,9,4
1049,2,2
1050,2,2
1051,4,4
1052,8,8
1053,2,2
1054,1,1
1055,7,7
1056,2,2
1057,4,4
1058,9,9
1059,4,4
1060,4,4
1061,0,0
1062,3,3
1063,9,9
1064,2,2
1065,2,2
1066,3,3
1067,3,3
1068,8,8
1069,3,3
1070,5,5
1071,7,7
1072,3,5
1073,5,5
1074,8,8
1075,1,1
1076,2,2
1077,4,4
1078,4,4
1079,6,6
1080,4,4
1081,9,9
1082,5,5
1083,1,1
1084,0,0
1085,6,6
1086,9,9
1087,5,5
1088,9,9
1089,5,5
1090,9,4
1091,7,7
1092,3,3
1093,8,8
1094,0,0
1095,3,3
1096,7,7
1097,1,1
1098,3,3
1099,6,6
1100,7,7
1101,8,3
1102,5,5
1103,9,4
1104,7,7
1105,9,9
1106,6,6
1107,9,8
1108,6,6
1109,3,3
1110,7,7
1111,4,4
1112,4,6
1113,5,5
1114,3,8
1115,5,5
1116,4,4
1117,7,7
1118,8,8
1119,7,8
1120,8,8
1121,0,0
1122,7,7
1123,6,6
1124,8,8
1125,8,8
1126,7,7
1127,3,8
1128,3,2
1129,1,1
1130,9,9
1131,5,5
1132,2,2
1133,7,9
1134,3,5
1135,5,5
1136,1,1
1137,1,1
1138,2,2
1139,1,1
1140,4,4
1141,7,7
1142,4,4
1143,7,8
1144,5,5
1145,4,4
1146,5,5
1147,4,4
1148,0,0
1149,8,8
1150,3,3
1151,6,6
1152,9,9
1153,6,5
1154,0,0
1155,2,2
1156,7,8
1157,4,4
1158,4,4
1159,4,4
1160,4,4
1161,6,6
1162,6,4
1163,4,4
1164,7,7
1165,9,9
1166,3,5
1167,4,4
1168,5,5
1169,5,5
1170,8,8
1171,7,7
1172,3,3
1173,7,7
1174,2,2
1175,7,7
1176,0,0
1177,2,2
1178,4,4
1179,1,4
1180,1,1
1181,6,6
1182,6,6
1183,9,9
1184,2,2
1185,8,8
1186,7,7
1187,2,2
1188,0,0
1189,1,1
1190,5,5
1191,0,5
1192,9,5
1193,1,1
1194,7,2
1195,0,0
1196,6,6
1197,0,0
1198,8,8
1199,6,6
1200,8,8
1201,1,4
1202,8,6
1203,0,0
1204,3,2
1205,3,3
1206,7,7
1207,2,2
1208,3,9
1209,6,8
1210,2,2
1211,1,1
1212,6,6
1213,1,1
1214,1,1
1215,3,3
1216,7,7
1217,9,9
1218,0,0
1219,8,8
1220,0,0
1221,5,5
1222,4,4
1223,0,0
1224,2,7
1225,8,8
1226,7,2
1227,2,2
1228,9,3
1229,8,8
1230,4,4
1231,0,0
1232,9,4
1233,5,5
1234,8,8
1235,5,5
1236,1,1
1237,2,2
1238,1,1
1239,3,3
1240,1,8
1241,7,7
1242,4,4
1243,5,5
1244,7,7
1245,2,2
1246,0,0
1247,9,5
1248,8,2
1249,8,8
1250,6,6
1251,2,2
1252,5,5
1253,4,4
1254,1,1
1255,9,9
1256,2,2
1257,1,1
1258,5,5
1259,8,7
1260,7,1
1261,0,0
1262,2,2
1263,4,4
1264,4,4
1265,3,3
1266,6,6
1267,8,8
1268,8,8
1269,2,2
1270,4,4
1271,0,0
1272,5,5
1273,0,0
1274,4,4
1275,4,4
1276,7,2
1277,9,9
1278,3,3
1279,4,4
1280,1,1
1281,5,5
1282,9,9
1283,7,7
1284,3,3
1285,5,5
1286,8,8
1287,8,8
1288,0,0
1289,5,9
1290,3,5
1291,3,3
1292,6,6
1293,6,6
1294,0,0
1295,1,1
1296,6,6
1297,0,0
1298,3,3
1299,5,5
1300,4,4
1301,4,4
1302,1,1
1303,2,2
1304,9,9
1305,1,1
1306,4,4
1307,6,6
1308,9,9
1309,9,9
1310,3,3
1311,9,9
1312,8,8
1313,4,4
1314,4,4
1315,3,3
1316,1,1
1317,3,3
1318,1,1
1319,8,8
1320,8,8
1321,7,7
1322,9,9
1323,4,4
1324,8,8
1325,8,8
1326,7,1
1327,9,9
1328,7,4
1329,1,1
1330,4,4
1331,5,5
1332,6,6
1333,0,0
1334,5,5
1335,2,2
1336,2,2
1337,2,7
1338,1,2
1339,5,5
1340,5,5
1341,2,2
1342,4,4
1343,9,9
1344,6,8
1345,2,2
1346,7,7
1347,7,7
1348,2,2
1349,2,2
1350,1,1
1351,1,1
1352,2,2
1353,8,8
1354,3,3
1355,7,9
1356,2,2
1357,4,4
1358,1,1
1359,7,7
1360,1,1
1361,7,7
1362,6,2
1363,7,7
1364,8,2
1365,2,2
1366,7,7
1367,3,3
1368,1,1
1369,7,7
1370,5,5
1371,8,8
1372,2,2
1373,6,6
1374,2,2
1375,2,2
1376,5,5
1377,6,6
1378,5,5
1379,0,0
1380,9,9
1381,2,2
1382,4,4
1383,3,3
1384,3,3
1385,9,9
1386,7,7
1387,6,6
1388,6,0
1389,8,8
1390,0,0
1391,4,8
1392,1,1
1393,5,5
1394,8,8
1395,2,8
1396,9,9
1397,1,1
1398,8,8
1399,0,0
1400,6,6
1401,7,7
1402,2,2
1403,1,7
1404,0,8
1405,5,5
1406,5,5
1407,2,2
1408,0,0
1409,2,2
1410,2,2
1411,0,0
1412,2,2
1413,4,4
1414,9,9
1415,8,5
1416,0,0
1417,9,9
1418,9,9
1419,4,4
1420,6,6
1421,5,5
1422,4,4
1423,9,9
1424,1,1
1425,8,2
1426,3,3
1427,4,4
1428,9,9
1429,9,9
1430,1,1
1431,2,2
1432,2,2
1433,8,8
1434,1,1
1435,9,9
1436,6,8
1437,4,4
1438,0,0
1439,9,9
1440,4,4
1441,8,8
1442,3,3
1443,8,8
1444,6,6
1445,0,0
1446,2,2
1447,5,5
1448,1,1
1449,9,9
1450,6,6
1451,2,2
1452,9,9
1453,4,4
1454,0,0
1455,9,9
1456,6,6
1457,0,0
1458,6,6
1459,2,2
1460,5,5
1461,4,4
1462,2,2
1463,3,3
1464,8,3
1465,4,4
1466,5,5
1467,5,9
1468,0,0
1469,3,5
1470,8,8
1471,5,5
1472,3,3
1473,5,8
1474,8,8
1475,6,6
1476,5,5
1477,7,7
1478,6,6
1479,3,3
1480,3,3
1481,9,9
1482,6,6
1483,1,1
1484,1,1
1485,2,2
1486,9,9
1487,0,0
1488,4,4
1489,3,3
1490,3,3
1491,6,6
1492,9,9
1493,5,5
1494,7,7
1495,3,2
1496,7,7
1497,7,7
1498,7,7
1499,8,8
1500,7,7
1501,9,9
1502,8,8
1503,3,3
1504,0,0
1505,7,7
1506,2,2
1507,7,7
1508,9,9
1509,4,4
1510,5,5
1511,4,4
1512,9,9
1513,3,3
1514,2,2
1515,1,8
1516,4,9
1517,0,0
1518,2,2
1519,3,3
1520,7,2
1521,5,5
1522,7,5
1523,8,8
1524,8,8
1525,5,5
1526,0,0
1527,1,5
1528,1,1
1529,4,4
1530,8,8
1531,3,5
1532,9,9
1533,0,0
1534,0,0
1535,0,0
1536,6,6
1537,6,6
1538,2,2
1539,3,3
1540,7,7
1541,8,8
1542,4,4
1543,7,9
1544,7,7
1545,9,9
1546,2,2
1547,4,4
1548,1,1
1549,4,4
1550,5,5
1551,2,2
1552,4,4
1553,9,8
1554,9,9
1555,1,1
1556,8,8
1557,4,4
1558,0,0
1559,9,5
1560,8,8
1561,4,4
1562,8,8
1563,7,7
1564,7,7
1565,0,0
1566,7,7
1567,8,8
1568,8,8
1569,6,7
1570,0,0
1571,4,4
1572,8,8
1573,8,8
1574,2,2
1575,4,4
1576,7,7
1577,6,6
1578,6,6
1579,6,6
1580,4,4
1581,7,7
1582,1,1
1583,8,8
1584,8,2
1585,2,2
1586,3,3
1587,6,5
1588,3,3
1589,0,0
1590,0,0
1591,3,8
1592,7,7
1593,6,6
1594,9,9
1595,7,7
1596,9,9
1597,9,9
1598,5,5
1599,4,4
1600,3,3
1601,3,2
1602,6,6
1603,1,1
1604,2,2
1605,3,3
1606,7,7
1607,3,5
1608,3,3
1609,2,2
1610,0,0
1611,3,5
1612,3,5
1613,8,8
1614,4,4
1615,3,3
1616,6,6
1617,3,3
1618,5,8
1619,0,0
1620,2,8
1621,0,5
1622,9,9
1623,0,0
1624,7,7
1625,4,4
1626,6,5
1627,9,4
1628,3,3
1629,5,5
1630,1,1
1631,9,9
1632,6,6
1633,1,1
1634,4,4
1635,5,5
1636,4,4
1637,5,5
1638,0,0
1639,5,5
1640,9,9
1641,5,5
1642,2,2
1643,1,1
1644,2,2
1645,9,9
1646,1,1
1647,9,9
1648,9,9
1649,4,4
1650,0,0
1651,8,8
1652,4,4
1653,5,5
1654,2,2
1655,9,9
1656,2,2
1657,1,1
1658,2,2
1659,1,1
1660,7,7
1661,3,3
1662,6,6
1663,8,8
1664,8,8
1665,4,4
1666,9,9
1667,1,2
1668,9,9
1669,8,8
1670,5,5
1671,7,2
1672,5,5
1673,1,1
1674,1,1
1675,8,8
1676,6,6
1677,5,5
1678,2,2
1679,4,4
1680,4,4
1681,3,7
1682,2,2
1683,3,3
1684,5,5
1685,6,6
1686,8,8
1687,8,8
1688,6,8
1689,2,3
1690,3,5
1691,1,1
1692,0,0
1693,5,5
1694,8,8
1695,9,8
1696,2,2
1697,9,9
1698,6,6
1699,7,7
1700,0,0
1701,4,4
1702,8,8
1703,7,7
1704,1,1
1705,7,7
1706,4,4
1707,1,1
1708,0,0
1709,9,3
1710,7,7
1711,2,2
1712,0,0
1713,0,0
1714,9,9
1715,1,5
1716,7,7
1717,8,9
1718,7,7
1719,8,8
1720,4,4
1721,7,7
1722,2,2
1723,0,0
1724,4,4
1725,6,9
1726,0,0
1727,3,8
1728,1,1
1729,1,1
1730,3,3
1731,3,3
1732,9,3
1733,6,6
1734,7,7
1735,4,4
1736,1,1
1737,5,5
1738,3,2
1739,0,0
1740,8,8
1741,7,7
1742,3,3
1743,9,9
1744,6,6
1745,9,9
1746,3,3
1747,5,8
1748,0,0
1749,2,2
1750,7,7
1751,4,4
1752,5,5
1753,1,1
1754,7,2
1755,5,5
1756,8,8
1757,0,0
1758,8,2
1759,8,8
1760,1,1
1761,5,5
1762,0,0
1763,3,5
1764,0,0
1765,3,3
1766,1,1
1767,4,4
1768,0,0
1769,3,3
1770,7,7
1771,2,2
1772,7,7
1773,1,1
1774,8,8
1775,0,0
1776,7,7
1777,0,0
1778,4,4
1779,3,3
1780,1,1
1781,9,9
1782,8,8
1783,7,7
1784,7,7
1785,1,1
1786,4,4
1787,9,9
1788,9,9
1789,3,3
1790,2,2
1791,1,1
1792,7,7
1793,9,9
1794,0,0
1795,2,2
1796,0,0
1797,3,3
1798,3,3
1799,7,7
1800,6,4
1801,9,9
1802,2,2
1803,3,3
1804,3,3
1805,7,7
1806,7,7
1807,0,0
1808,0,0
1809,7,3
1810,5,5
1811,2,2
1812,9,9
1813,8,5
1814,7,7
1815,4,4
1816,4,4
1817,2,2
1818,6,6
1819,6,6
1820,1,1
1821,9,9
1822,6,4
1823,8,8
1824,2,2
1825,9,9
1826,0,0
1827,8,8
1828,3,5
1829,1,1
1830,1,1
1831,6,6
1832,3,5
1833,5,5
1834,1,1
1835,1,4
1836,1,1
1837,3,5
1838,1,1
1839,2,2
1840,3,3
1841,0,0
1842,2,2
1843,0,0
1844,1,1
1845,3,3
1846,5,5
1847,5,5
1848,7,7
1849,4,4
1850,8,8
1851,9,9
1852,6,6
1853,9,9
1854,6,6
1855,8,8
1856,3,3
1857,6,2
1858,6,6
1859,8,2
1860,5,5
1861,1,4
1862,4,4
1863,2,2
1864,4,4
1865,4,8
1866,5,5
1867,1,1
1868,1,4
1869,9,9
1870,0,0
1871,2,2
1872,4,4
1873,9,9
1874,5,5
1875,7,7
1876,1,1
1877,8,8
1878,8,8
1879,5,5
1880,6,6
1881,9,9
1882,8,2
1883,7,7
1884,1,8
1885,1,1
1886,6,6
1887,7,7
1888,6,6
1889,3,3
1890,2,2
1891,2,2
1892,0,0
1893,8,8
1894,9,9
1895,2,2
1896,5,5
1897,1,1
1898,0,2
1899,8,9
1900,1,1
1901,9,4
1902,5,5
1903,7,2
1904,9,9
1905,6,6
1906,9,9
1907,0,0
1908,6,6
1909,1,1
1910,5,5
1911,5,2
1912,8,8
1913,3,2
1914,8,8
1915,2,2
1916,6,6
1917,5,5
1918,0,0
1919,7,7
1920,4,4
1921,6,6
1922,1,1
1923,3,3
1924,4,2
1925,7,7
1926,3,3
1927,2,2
1928,3,3
1929,4,4
1930,2,2
1931,5,5
1932,2,2
1933,7,7
1934,1,1
1935,7,7
1936,2,2
1937,6,6
1938,4,4
1939,1,1
1940,5,5
1941,7,4
1942,8,8
1943,6,6
1944,0,0
1945,1,1
1946,8,8
1947,2,2
1948,5,5
1949,7,7
1950,7,7
1951,6,6
1952,9,3
1953,3,8
1954,5,5
1955,8,3
1956,4,4
1957,2,2
1958,4,4
1959,0,0
1960,8,8
1961,8,8
1962,3,3
1963,4,4
1964,9,9
1965,2,2
1966,7,7
1967,5,5
1968,8,8
1969,6,6
1970,5,5
1971,6,6
1972,0,0
1973,8,8
1974,6,6
1975,7,7
1976,3,5
1977,6,6
1978,4,4
1979,9,9
1980,4,4
1981,6,6
1982,6,8
1983,3,3
1984,2,2
1985,4,4
1986,1,1
1987,0,0
1988,1,4
1989,4,9
1990,6,6
1991,2,2
1992,9,8
1993,1,1
1994,1,1
1995,0,0
1996,6,6
1997,3,3
1998,9,9
1999,5,5
2000,6,6
2001,5,5
2002,6,6
2003,5,5
2004,8,8
2005,4,4
2006,6,6
2007,4,4
2008,3,3
2009,9,2
2010,1,1
2011,3,3
2012,4,4
2013,1,1
2014,9,9
2015,1,1
2016,7,2
2017,1,1
2018,1,9
2019,9,9
2020,3,3
2021,5,5
2022,4,4
2023,0,0
2024,7,7
2025,3,3
2026,6,6
2027,1,1
2028,7,7
2029,5,5
2030,5,5
2031,3,3
2032,3,3
2033,0,0
2034,1,1
2035,5,5
2036,7,7
2037,5,5
2038,8,8
2039,6,6
2040,5,2
2041,1,1
2042,0,0
2043,4,4
2044,2,2
2045,3,3
2046,4,4
2047,6,5
2048,7,2
2049,9,9
2050,8,8
2051,1,1
2052,8,4
2053,4,7
2054,9,9
2055,2,2
2056,8,8
2057,6,2
2058,2,2
2059,7,7
2060,0,0
2061,0,0
2062,6,6
2063,7,7
2064,5,5
2065,8,8
2066,6,6
2067,0,0
2068,9,4
2069,3,3
2070,7,7
2071,1,1
2072,3,3
2073,5,5
2074,4,4
2075,3,8
2076,3,3
2077,5,5
2078,5,5
2079,6,6
2080,3,3
2081,0,0
2082,2,2
2083,3,3
2084,4,4
2085,2,2
2086,3,3
2087,0,0
2088,9,9
2089,9,9
2090,4,9
2091,7,7
2092,2,2
2093,8,8
2094,4,9
2095,7,2
2096,0,0
2097,6,6
2098,2,5
2099,8,8
2100,5,5
2101,2,2
2102,8,8
2103,5,5
2104,7,7
2105,3,8
2106,0,0
2107,8,8
2108,2,2
2109,3,9
2110,2,2
2111,8,8
2112,2,2
2113,5,5
2114,5,5
2115,7,7
2116,6,5
2117,4,4
2118,6,0
2119,8,8
2120,4,4
2121,8,8
2122,2,2
2123,7,7
2124,4,4
2125,5,4
2126,2,2
2127,0,0
2128,3,3
2129,9,2
2130,4,9
2131,6,6
2132,7,7
2133,2,2
2134,5,5
2135,6,1
2136,1,1
2137,1,1
2138,2,3
2139,3,3
2140,6,6
2141,7,7
2142,8,8
2143,7,7
2144,6,4
2145,4,4
2146,8,8
2147,9,9
2148,4,4
2149,8,8
2150,6,6
2151,3,3
2152,8,8
2153,3,3
2154,1,1
2155,0,0
2156,6,6
2157,2,2
2158,2,2
2159,5,5
2160,6,6
2161,9,9
2162,5,5
2163,8,8
2164,1,1
2165,4,4
2166,1,5
2167,7,7
2168,8,8
2169,4,4
2170,6,6
2171,1,1
2172,8,8
2173,4,4
2174,3,5
2175,1,1
2176,2,2
2177,8,2
2178,0,0
2179,8,8
2180,5,5
2181,9,9
2182,1,2
2183,4,4
2184,2,2
2185,0,0
2186,2,5
2187,7,7
2188,0,0
2189,9,1
2190,0,0
2191,2,2
2192,5,5
2193,7,2
2194,6,5
2195,7,2
2196,9,9
2197,4,4
2198,2,2
2199,6,6
2200,2,2
2201,4,2
2202,4,2
2203,8,8
2204,0,0
2205,4,4
2206,4,4
2207,5,5
2208,8,8
2209,0,0
2210,6,6
2211,8,8
2212,9,4
2213,8,8
2214,5,5
2215,6,5
2216,9,9
2217,0,0
2218,4,9
2219,8,8
2220,7,7
2221,1,1
2222,3,3
2223,4,4
2224,5,8
2225,8,5
2226,0,0
2227,9,9
2228,1,1
2229,3,8
2230,3,3
2231,6,6
2232,9,6
2233,8,8
2234,7,7
2235,1,1
2236,0,0
2237,5,5
2238,7,7
2239,1,1
2240,7,7
2241,5,5
2242,2,2
2243,7,7
2244,9,9
2245,1,1
2246,8,8
2247,5,5
2248,2,2
2249,4,4
2250,9,9
2251,4,4
2252,7,7
2253,2,2
2254,2,2
2255,3,3
2256,4,4
2257,9,9
2258,1,1
2259,9,9
2260,2,2
2261,1,1
2262,7,7
2263,9,9
2264,4,4
2265,4,4
2266,1,5
2267,6,6
2268,7,7
2269,2,2
2270,7,7
2271,8,8
2272,8,9
2273,1,1
2274,9,9
2275,7,7
2276,1,1
2277,1,1
2278,7,7
2279,5,5
2280,3,5
2281,3,3
2282,5,5
2283,1,1
2284,3,3
2285,7,7
2286,6,6
2287,1,1
2288,3,3
2289,8,8
2290,7,7
2291,5,5
2292,9,7
2293,9,2
2294,0,0
2295,0,0
2296,2,2
2297,8,8
2298,8,8
2299,2,2
2300,3,3
2301,7,7
2302,1,1
2303,3,3
2304,0,0
2305,3,8
2306,4,4
2307,4,4
2308,3,5
2309,8,8
2310,9,9
2311,2,2
2312,3,3
2313,9,9
2314,7,7
2315,1,1
2316,1,1
2317,7,7
2318,0,0
2319,4,4
2320,9,4
2321,6,6
2322,5,5
2323,9,9
2324,1,1
2325,7,2
2326,0,2
2327,2,2
2328,0,0
2329,0,0
2330,4,4
2331,6,4
2332,7,7
2333,0,0
2334,7,7
2335,1,1
2336,4,4
2337,6,6
2338,4,4
2339,5,5
2340,4,4
2341,9,9
2342,9,9
2343,1,1
2344,7,7
2345,9,9
2346,5,5
2347,3,3
2348,3,3
2349,8,8
2350,2,2
2351,3,2
2352,6,6
2353,2,2
2354,2,2
2355,1,1
2356,1,1
2357,1,1
2358,1,2
2359,1,1
2360,6,6
2361,9,9
2362,8,8
2363,4,4
2364,3,3
2365,7,7
2366,1,1
2367,6,6
2368,4,4
2369,5,6
2370,0,0
2371,4,4
2372,7,7
2373,4,4
2374,2,2
2375,4,4
2376,0,0
2377,7,7
2378,0,0
2379,1,1
2380,9,0
2381,8,8
2382,8,8
2383,6,6
2384,0,0
2385,0,0
2386,4,4
2387,9,3
2388,6,6
2389,8,8
2390,2,2
2391,2,2
2392,3,3
2393,8,8
2394,4,4
2395,8,8
2396,2,5
2397,2,2
2398,1,9
2399,7,7
2400,5,5
2401,4,4
2402,4,4
2403,0,0
2404,4,4
2405,3,3
2406,9,7
2407,7,7
2408,3,3
2409,1,1
2410,0,0
2411,1,1
2412,2,2
2413,5,5
2414,9,9
2415,2,2
2416,1,1
2417,0,0
2418,1,1
2419,8,8
2420,9,9
2421,1,1
2422,6,4
2423,8,8
2424,3,3
2425,8,8
2426,9,9
2427,3,3
2428,6,6
2429,2,2
2430,8,8
2431,3,2
2432,2,2
2433,2,2
2434,1,1
2435,0,0
2436,4,4
2437,2,2
2438,9,9
2439,2,2
2440,4,4
2441,3,3
2442,7,7
2443,9,9
2444,1,1
2445,5,5
2446,2,2
2447,4,9
2448,9,9
2449,0,5
2450,3,3
2451,8,8
2452,5,5
2453,3,3
2454,6,6
2455,0,0
2456,9,9
2457,4,4
2458,6,6
2459,2,2
2460,5,5
2461,0,0
2462,2,2
2463,7,7
2464,4,4
2465,6,6
2466,6,6
2467,8,8
2468,6,6
2469,6,6
2470,8,8
2471,6,6
2472,9,9
2473,1,1
2474,7,7
2475,2,2
2476,5,5
2477,9,9
2478,9,9
2479,0,0
2480,7,9
2481,2,2
2482,7,7
2483,6,6
2484,7,7
2485,0,0
2486,6,6
2487,5,5
2488,2,2
2489,4,4
2490,7,7
2491,2,2
2492,0,0
2493,9,9
2494,9,9
2495,2,2
2496,2,2
2497,9,9
2498,4,4
2499,4,4
2500,2,2
2501,3,3
2502,3,3
2503,2,2
2504,1,1
2505,7,7
2506,0,0
2507,7,7
2508,6,6
2509,4,4
2510,1,1
2511,3,3
2512,8,8
2513,7,8
2514,4,4
2515,5,5
2516,9,9
2517,2,2
2518,5,5
2519,1,1
2520,8,8
2521,7,8
2522,3,3
2523,7,7
2524,1,1
2525,5,5
2526,5,3
2527,0,0
2528,9,4
2529,1,1
2530,4,4
2531,0,0
2532,6,6
2533,3,3
2534,3,5
2535,6,2
2536,0,0
2537,4,4
2538,9,9
2539,7,9
2540,5,5
2541,1,1
2542,6,0
2543,8,8
2544,9,9
2545,5,5
2546,5,5
2547,7,7
2548,9,8
2549,3,3
2550,8,8
2551,3,8
2552,8,8
2553,1,1
2554,5,5
2555,3,3
2556,5,5
2557,0,0
2558,5,5
2559,5,5
2560,3,2
2561,8,8
2562,6,6
2563,7,7
2564,7,7
2565,7,7
2566,3,3
2567,7,7
2568,0,0
2569,5,5
2570,9,9
2571,0,0
2572,2,2
2573,5,5
2574,5,5
2575,3,3
2576,1,1
2577,7,7
2578,7,2
2579,8,8
2580,6,6
2581,5,5
2582,9,9
2583,3,3
2584,8,8
2585,9,9
2586,5,5
2587,3,3
2588,7,7
2589,9,9
2590,1,1
2591,7,7
2592,0,0
2593,0,0
2594,3,5
2595,7,7
2596,2,2
2597,5,3
2598,8,8
2599,1,1
2600,8,8
2601,6,6
2602,2,2
2603,9,9
2604,5,5
2605,7,7
2606,5,5
2607,7,7
2608,8,8
2609,6,6
2610,2,2
2611,5,5
2612,1,1
2613,4,4
2614,8,8
2615,4,4
2616,5,5
2617,8,8
2618,3,5
2619,0,0
2620,6,6
2621,2,2
2622,7,7
2623,3,3
2624,3,3
2625,2,2
2626,1,1
2627,0,2
2628,7,9
2629,3,3
2630,4,4
2631,0,8
2632,3,3
2633,9,9
2634,3,3
2635,2,2
2636,8,2
2637,9,9
2638,0,0
2639,3,3
2640,8,8
2641,0,0
2642,7,7
2643,6,6
2644,5,5
2645,4,7
2646,7,7
2647,3,3
2648,9,0
2649,0,0
2650,8,8
2651,6,6
2652,2,2
2653,5,5
2654,6,2
2655,1,1
2656,0,0
2657,0,0
2658,4,4
2659,4,8
2660,0,0
2661,1,1
2662,2,8
2663,3,3
2664,2,2
2665,7,3
2666,7,7
2667,8,8
2668,5,5
2669,2,2
2670,5,5
2671,7,8
2672,6,6
2673,9,9
2674,1,1
2675,4,4
2676,1,1
2677,6,6
2678,4,7
2679,2,2
2680,4,4
2681,3,3
2682,5,5
2683,4,4
2684,3,3
2685,9,9
2686,5,8
2687,0,0
2688,1,1
2689,5,5
2690,3,3
2691,8,8
2692,9,9
2693,1,1
2694,9,9
2695,7,2
2696,9,9
2697,5,5
2698,5,5
2699,2,2
2700,7,7
2701,4,4
2702,6,4
2703,0,0
2704,1,1
2705,1,1
2706,1,1
2707,0,0
2708,4,4
2709,4,4
2710,7,7
2711,6,6
2712,3,3
2713,0,8
2714,0,0
2715,4,4
2716,3,3
2717,0,0
2718,6,4
2719,1,1
2720,9,9
2721,6,6
2722,1,1
2723,3,3
2724,8,8
2725,1,1
2726,2,2
2727,5,5
2728,6,2
2729,2,2
2730,7,4
2731,3,2
2732,6,4
2733,0,0
2734,1,1
2735,9,9
2736,7,3
2737,6,6
2738,6,6
2739,8,8
2740,9,7
2741,2,2
2742,9,8
2743,5,5
2744,8,8
2745,3,3
2746,1,1
2747,0,0
2748,0,0
2749,7,7
2750,6,8
2751,6,6
2752,2,2
2753,1,1
2754,6,6
2755,9,9
2756,3,2
2757,1,5
2758,8,8
2759,6,6
2760,9,9
2761,0,0
2762,6,6
2763,0,0
2764,0,0
2765,0,0
2766,6,6
2767,3,3
2768,5,5
2769,9,5
2770,3,2
2771,4,4
2772,5,5
2773,5,5
2774,8,8
2775,5,5
2776,3,2
2777,0,0
2778,4,4
2779,0,0
2780,2,2
2781,9,9
2782,6,6
2783,8,3
2784,2,2
2785,3,5
2786,1,1
2787,2,2
2788,1,1
2789,1,1
2790,5,5
2791,6,6
2792,9,9
2793,8,8
2794,0,0
2795,6,6
2796,6,6
2797,5,5
2798,5,5
2799,3,3
2800,8,8
2801,6,4
2802,2,2
2803,1,1
2804,4,4
2805,5,5
2806,4,4
2807,3,2
2808,7,7
2809,8,8
2810,5,5
2811,0,0
2812,9,9
2813,3,3
2814,5,5
2815,1,1
2816,1,1
2817,0,0
2818,4,4
2819,4,4
2820,7,7
2821,0,0
2822,1,1
2823,7,2
2824,0,0
2825,1,1
2826,6,6
2827,1,1
2828,4,4
2829,5,5
2830,6,6
2831,6,6
2832,5,5
2833,7,7
2834,8,8
2835,4,4
2836,4,4
2837,7,7
2838,2,2
2839,5,5
2840,3,3
2841,7,7
2842,0,0
2843,7,8
2844,7,7
2845,9,4
2846,6,6
2847,4,4
2848,2,2
2849,8,8
2850,5,5
2851,7,7
2852,8,8
2853,3,8
2854,9,9
2855,5,5
2856,8,8
2857,9,9
2858,9,9
2859,8,8
2860,6,5
2861,2,2
2862,8,8
2863,9,9
2864,2,2
2865,3,3
2866,6,6
2867,1,1
2868,1,1
2869,8,8
2870,9,9
2871,3,3
2872,4,4
2873,0,0
2874,7,7
2875,9,9
2876,6,6
2877,4,4
2878,1,1
2879,4,4
2880,1,1
2881,3,3
2882,4,2
2883,9,9
2884,3,3
2885,1,1
2886,4,4
2887,7,7
2888,7,7
2889,4,4
2890,7,3
2891,2,2
2892,9,9
2893,3,3
2894,0,0
2895,8,8
2896,8,8
2897,8,8
2898,4,4
2899,0,0
2900,4,4
2901,4,4
2902,1,1
2903,5,5
2904,2,2
2905,8,8
2906,3,5
2907,4,4
2908,9,4
2909,5,5
2910,2,2
2911,8,8
2912,1,1
2913,5,5
2914,3,3
2915,7,3
2916,9,9
2917,4,4
2918,2,2
2919,5,5
2920,6,6
2921,3,3
2922,5,5
2923,9,9
2924,3,3
2925,5,5
2926,9,9
2927,3,2
2928,1,1
2929,9,9
2930,5,5
2931,3,3
2932,0,0
2933,6,6
2934,9,9
2935,8,8
2936,4,4
2937,0,0
2938,4,4
2939,9,9
2940,2,2
2941,9,9
2942,0,0
2943,1,6
2944,0,0
2945,3,9
2946,1,1
2947,6,6
2948,5,5
2949,8,8
2950,1,1
2951,5,5
2952,3,5
2953,3,5
2954,0,0
2955,3,3
2956,5,5
2957,5,5
2958,9,9
2959,2,2
2960,8,8
2961,7,2
2962,0,0
2963,4,4
2964,9,4
2965,1,1
2966,9,9
2967,7,7
2968,7,7
2969,5,5
2970,5,5
2971,2,2
2972,0,0
2973,9,9
2974,1,1
2975,8,8
2976,6,9
2977,2,2
2978,3,3
2979,9,9
2980,6,6
2981,2,2
2982,1,1
2983,9,9
2984,1,1
2985,3,3
2986,5,5
2987,5,5
2988,0,0
2989,3,5
2990,8,9
2991,3,3
2992,3,3
2993,7,7
2994,6,9
2995,6,5
2996,0,0
2997,1,1
2998,4,4
2999,0,0
3000,6,6
3001,9,9
3002,8,8
3003,1,1
3004,2,2
3005,9,9
3006,9,9
3007,5,5
3008,9,9
3009,7,7
3010,3,3
3011,7,4
3012,8,8
3013,0,0
3014,1,1
3015,3,3
3016,0,0
3017,4,4
3018,6,6
3019,1,1
3020,0,0
3021,2,2
3022,5,5
3023,8,8
3024,4,4
3025,4,4
3026,1,1
3027,1,1
3028,5,5
3029,4,4
3030,6,2
3031,6,6
3032,0,0
3033,6,2
3034,9,2
3035,2,2
3036,6,6
3037,2,2
3038,7,7
3039,1,1
3040,7,7
3041,9,9
3042,4,4
3043,0,0
3044,0,0
3045,3,3
3046,8,8
3047,2,2
3048,2,2
3049,3,3
3050,1,1
3051,6,6
3052,0,0
3053,5,5
3054,7,8
3055,7,7
3056,9,9
3057,2,2
3058,6,6
3059,7,7
3060,9,4
3061,7,2
3062,8,8
3063,6,6
3064,8,8
3065,8,9
3066,4,4
3067,6,6
3068,8,8
3069,4,4
3070,1,1
3071,2,2
3072,8,8
3073,1,2
3074,3,3
3075,9,9
3076,4,4
3077,0,0
3078,3,3
3079,7,7
3080,3,3
3081,2,2
3082,3,3
3083,3,2
3084,7,7
3085,3,8
3086,4,4
3087,0,0
3088,6,6
3089,2,2
3090,0,0
3091,8,8
3092,1,1
3093,5,5
3094,3,3
3095,5,5
3096,4,4
3097,1,1
3098,7,7
3099,1,1
3100,5,5
3101,7,7
3102,5,5
3103,7,7
3104,3,3
3105,2,2
3106,2,2
3107,7,7
3108,3,5
3109,7,7
3110,3,5
3111,7,7
3112,8,8
3113,5,5
3114,4,9
3115,5,9
3116,2,2
3117,5,8
3118,6,6
3119,5,5
3120,3,2
3121,6,6
3122,7,2
3123,4,4
3124,1,1
3125,7,7
3126,1,1
3127,5,5
3128,2,2
3129,3,3
3130,6,9
3131,3,3
3132,1,5
3133,4,4
3134,2,3
3135,6,6
3136,7,9
3137,4,4
3138,3,3
3139,8,8
3140,0,0
3141,6,6
3142,2,2
3143,1,1
3144,6,6
3145,5,9
3146,3,5
3147,9,9
3148,1,1
3149,9,9
3150,3,3
3151,2,2
3152,1,1
3153,8,8
3154,4,4
3155,4,4
3156,6,6
3157,5,5
3158,8,8
3159,6,6
3160,9,6
3161,7,7
3162,7,7
3163,8,8
3164,6,5
3165,9,9
3166,7,9
3167,3,5
3168,9,9
3169,4,4
3170,0,0
3171,5,5
3172,4,4
3173,6,6
3174,4,4
3175,1,1
3176,2,5
3177,3,3
3178,0,0
3179,0,0
3180,2,2
3181,6,6
3182,6,4
3183,5,5
3184,7,7
3185,0,0
3186,8,8
3187,6,6
3188,4,4
3189,7,7
3190,9,9
3191,0,0
3192,7,7
3193,3,3
3194,4,4
3195,2,2
3196,1,1
3197,8,8
3198,8,8
3199,5,5
3200,9,9
3201,2,2
3202,7,2
3203,1,1
3204,8,8
3205,8,8
3206,8,8
3207,2,2
3208,7,7
3209,6,6
3210,0,0
3211,1,1
3212,2,2
3213,7,7
3214,1,1
3215,0,0
3216,8,8
3217,3,3
3218,6,6
3219,0,0
3220,5,5
3221,3,3
3222,6,9
3223,2,2
3224,8,8
3225,7,1
3226,0,0
3227,1,4
3228,4,4
3229,2,2
3230,1,1
3231,1,1
3232,4,9
3233,4,4
3234,4,4
3235,4,9
3236,7,7
3237,1,1
3238,6,6
3239,2,2
3240,9,8
3241,9,9
3242,0,0
3243,0,0
3244,1,1
3245,8,8
3246,8,8
3247,4,4
3248,3,3
3249,4,4
3250,2,7
3251,0,0
3252,6,6
3253,1,1
3254,6,6
3255,1,1
3256,2,2
3257,2,2
3258,2,2
3259,1,1
3260,2,2
3261,3,3
3262,7,7
3263,8,8
3264,1,8
3265,0,0
3266,0,2
3267,2,2
3268,1,1
3269,6,2
3270,6,6
3271,0,0
3272,1,1
3273,6,6
3274,2,2
3275,5,5
3276,1,1
3277,7,7
3278,4,4
3279,8,8
3280,2,3
3281,1,1
3282,4,4
3283,3,3
3284,8,8
3285,3,5
3286,9,9
3287,9,9
3288,4,4
3289,8,8
3290,3,3
3291,4,4
3292,7,7
3293,2,2
3294,7,2
3295,5,5
3296,7,7
3297,0,0
3298,4,4
3299,3,3
3300,3,3
3301,2,2
3302,6,6
3303,7,7
3304,6,6
3305,0,0
3306,0,0
3307,6,4
3308,7,7
3309,7,7
3310,0,0
3311,5,8
3312,5,5
3313,8,8
3314,1,1
3315,0,0
3316,7,2
3317,0,0
3318,2,2
3319,8,8
3320,1,1
3321,5,5
3322,0,0
3323,8,8
3324,8,8
3325,0,0
3326,3,3
3327,2,2
3328,7,7
3329,7,8
3330,2,2
3331,6,6
3332,4,4
3333,7,9
3334,5,5
3335,5,5
3336,5,5
3337,2,2
3338,9,9
3339,2,2
3340,8,8
3341,4,4
3342,6,6
3343,8,8
3344,6,6
3345,5,5
3346,0,0
3347,0,0
3348,8,8
3349,7,8
3350,6,6
3351,1,1
3352,7,3
3353,1,1
3354,1,1
3355,2,2
3356,7,7
3357,4,4
3358,0,0
3359,0,0
3360,7,7
3361,7,7
3362,6,6
3363,3,3
3364,8,8
3365,6,2
3366,4,4
3367,2,2
3368,0,0
3369,9,9
3370,4,4
3371,0,0
3372,5,5
3373,7,4
3374,8,8
3375,2,2
3376,7,7
3377,4,4
3378,7,7
3379,1,1
3380,1,1
3381,3,2
3382,6,6
3383,6,6
3384,2,2
3385,9,9
3386,1,1
3387,9,9
3388,4,4
3389,8,8
3390,3,5
3391,6,6
3392,9,9
3393,5,5
3394,9,9
3395,6,6
3396,2,2
3397,4,4
3398,6,6
3399,7,7
3400,7,7
3401,0,0
3402,6,6
3403,6,6
3404,9,6
3405,4,4
3406,8,8
3407,3,3
3408,5,5
3409,3,3
3410,4,4
3411,9,9
3412,0,0
3413,0,0
3414,5,5
3415,2,2
3416,5,3
3417,0,0
3418,7,7
3419,1,1
3420,1,1
3421,1,1
3422,6,0
3423,7,7
3424,6,6
3425,7,7
3426,9,9
3427,6,6
3428,6,6
3429,4,9
3430,1,1
3431,4,4
3432,3,3
3433,1,1
3434,1,1
3435,2,2
3436,2,2
3437,4,4
3438,1,1
3439,0,0
3440,8,8
3441,7,2
3442,6,6
3443,3,3
3444,4,4
3445,0,0
3446,0,0
3447,6,4
3448,3,3
3449,3,3
3450,0,8
3451,7,5
3452,1,1
3453,7,7
3454,1,1
3455,1,1
3456,3,3
3457,1,1
3458,0,0
3459,9,9
3460,9,6
3461,7,7
3462,5,5
3463,4,4
3464,1,1
3465,4,4
3466,8,8
3467,9,9
3468,5,5
3469,3,3
3470,5,5
3471,1,1
3472,9,9
3473,8,8
3474,2,2
3475,3,3
3476,3,3
3477,9,9
3478,9,9
3479,0,0
3480,1,8
3481,0,0
3482,2,2
3483,9,2
3484,3,3
3485,9,9
3486,3,3
3487,3,3
3488,6,6
3489,2,2
3490,4,4
3491,9,9
3492,8,8
3493,3,3
3494,7,9
3495,4,4
3496,0,5
3497,4,4
3498,7,7
3499,8,8
3500,4,4
3501,9,9
3502,8,8
3503,9,8
3504,9,9
3505,7,7
3506,5,5
3507,9,4
3508,2,2
3509,8,8
3510,2,2
3511,2,2
3512,0,0
3513,2,2
3514,2,2
3515,3,3
3516,8,8
3517,4,4
3518,6,6
3519,8,8
3520,6,4
3521,8,8
3522,2,2
3523,4,4
3524,6,6
3525,7,2
3526,9,9
3527,3,3
3528,3,3
3529,9,9
3530,4,4
3531,3,3
3532,1,1
3533,4,2
3534,4,2
3535,7,7
3536,0,0
3537,5,5
3538,9,9
3539,6,6
3540,0,0
3541,4,4
3542,4,4
3543,4,4
3544,4,4
3545,6,6
3546,1,1
3547,2,2
3548,3,3
3549,3,8
3550,6,6
3551,4,4
3552,5,5
3553,9,9
3554,6,6
3555,8,8
3556,5,5
3557,6,6
3558,5,2
3559,8,3
3560,6,6
3561,4,4
3562,1,1
3563,8,8
3564,6,6
3565,5,5
3566,2,2
3567,8,5
3568,4,4
3569,5,5
3570,5,5
3571,4,4
3572,7,7
3573,7,7
3574,0,0
3575,7,7
3576,8,8
3577,2,2
3578,2,2
3579,3,3
3580,7,7
3581,0,0
3582,1,1
3583,8,8
3584,0,0
3585,7,5
3586,1,1
3587,9,9
3588,8,8
3589,7,7
3590,5,5
3591,5,5
3592,9,9
3593,1,1
3594,7,7
3595,5,5
3596,4,4
3597,9,2
3598,1,3
3599,2,2
3600,2,2
3601,1,1
3602,6,6
3603,6,6
3604,7,7
3605,1,1
3606,1,1
3607,4,4
3608,0,0
3609,7,7
3610,4,4
3611,2,2
3612,4,4
3613,0,0
3614,6,2
3615,4,4
3616,7,7
3617,6,6
3618,9,8
3619,5,5
3620,3,3
3621,4,4
3622,6,6
3623,5,5
3624,0,0
3625,1,4
3626,8,8
3627,8,8
3628,2,2
3629,8,3
3630,3,3
3631,5,5
3632,7,7
3633,8,8
3634,0,0
3635,8,8
3636,5,5
3637,7,7
3638,1,1
3639,1,1
3640,0,0
3641,1,1
3642,3,3
3643,7,7
3644,8,8
3645,5,5
3646,0,0
3647,7,7
3648,1,1
3649,1,1
3650,0,0
3651,1,1
3652,1,1
3653,4,4
3654,5,5
3655,2,2
3656,7,7
3657,6,6
3658,2,2
3659,3,3
3660,0,0
3661,2,2
3662,8,8
3663,5,5
3664,9,9
3665,6,4
3666,9,9
3667,7,7
3668,2,2
3669,1,1
3670,3,3
3671,6,6
3672,4,4
3673,1,1
3674,8,8
3675,2,2
3676,4,4
3677,0,0
3678,5,5
3679,1,1
3680,0,0
3681,2,2
3682,2,2
3683,6,2
3684,4,4
3685,4,4
3686,3,3
3687,9,9
3688,6,6
3689,1,1
3690,6,6
3691,5,5
3692,7,7
3693,9,9
3694,2,2
3695,0,0
3696,2,2
3697,6,6
3698,0,0
3699,1,1
3700,4,4
3701,3,3
3702,5,4
3703,2,2
3704,8,8
3705,8,2
3706,0,0
3707,8,8
3708,8,8
3709,9,9
3710,0,0
3711,9,9
3712,6,6
3713,7,7
3714,6,6
3715,3,3
3716,9,8
3717,3,8
3718,4,4
3719,7,7
3720,7,7
3721,7,7
3722,4,4
3723,9,2
3724,0,2
3725,6,6
3726,4,9
3727,8,8
3728,4,4
3729,2,2
3730,7,7
3731,2,2
3732,8,8
3733,1,1
3734,0,0
3735,0,0
3736,7,7
3737,8,8
3738,3,5
3739,3,5
3740,3,3
3741,1,1
3742,3,8
3743,7,7
3744,6,8
3745,1,1
3746,3,3
3747,1,1
3748,6,6
3749,6,6
3750,5,5
3751,7,4
3752,4,4
3753,7,7
3754,5,5
3755,9,9
3756,5,5
3757,8,8
3758,4,4
3759,9,9
3760,9,9
3761,1,1
3762,6,6
3763,5,9
3764,0,0
3765,1,1
3766,3,3
3767,7,2
3768,0,0
3769,3,3
3770,4,4
3771,8,8
3772,2,2
3773,2,2
3774,0,0
3775,2,2
3776,5,2
3777,1,1
3778,5,2
3779,1,1
3780,4,4
3781,8,8
3782,8,8
3783,9,9
3784,1,1
3785,2,2
3786,1,1
3787,3,3
3788,5,5
3789,1,1
3790,0,0
3791,9,2
3792,4,4
3793,4,4
3794,8,8
3795,3,3
3796,2,9
3797,5,5
3798,9,9
3799,7,7
3800,6,6
3801,6,6
3802,2,2
3803,0,0
3804,0,0
3805,0,0
3806,5,5
3807,8,8
3808,7,2
3809,1,1
3810,5,5
3811,2,2
3812,3,5
3813,8,8
3814,5,5
3815,1,1
3816,8,8
3817,2,2
3818,0,4
3819,4,4
3820,9,5
3821,9,4
3822,6,4
3823,2,2
3824,3,9
3825,3,3
3826,5,5
3827,6,6
3828,4,4
3829,8,8
3830,0,0
3831,9,9
3832,2,2
3833,8,8
3834,3,3
3835,6,0
3836,7,4
3837,5,5
3838,7,7
3839,2,2
3840,9,9
3841,4,4
3842,9,9
3843,1,1
3844,2,2
3845,8,8
3846,6,0
3847,0,0
3848,7,7
3849,0,0
3850,9,4
3851,1,1
3852,1,1
3853,6,5
3854,7,7
3855,5,5
3856,9,9
3857,9,9
3858,1,1
3859,9,2
3860,5,5
3861,9,9
3862,2,3
3863,5,5
3864,0,0
3865,4,4
3866,1,1
3867,0,0
3868,8,8
3869,9,4
3870,0,0
3871,8,8
3872,9,9
3873,8,8
3874,9,9
3875,4,4
3876,2,2
3877,5,5
3878,7,7
3879,9,9
3880,8,5
3881,9,9
3882,8,8
3883,0,0
3884,9,9
3885,9,9
3886,6,6
3887,8,8
3888,9,9
3889,9,9
3890,5,5
3891,9,9
3892,8,8
3893,5,5
3894,1,1
3895,0,0
3896,3,3
3897,3,3
3898,5,5
3899,2,2
3900,1,1
3901,6,6
3902,5,5
3903,0,0
3904,2,2
3905,8,8
3906,1,2
3907,5,5
3908,6,6
3909,2,2
3910,3,3
3911,0,0
3912,2,2
3913,2,2
3914,6,6
3915,4,4
3916,3,3
3917,5,5
3918,5,5
3919,1,1
3920,7,7
3921,2,2
3922,1,1
3923,6,6
3924,9,9
3925,1,1
3926,9,5
3927,9,9
3928,5,3
3929,5,8
3930,1,1
3931,6,6
3932,2,2
3933,2,2
3934,8,8
3935,6,6
3936,7,7
3937,1,1
3938,4,4
3939,6,4
3940,0,0
3941,4,4
3942,0,0
3943,3,5
3944,3,3
3945,2,2
3946,2,2
3947,3,3
3948,6,6
3949,8,8
3950,9,9
3951,8,8
3952,5,5
3953,3,3
3954,8,5
3955,5,5
3956,4,4
3957,5,5
3958,2,2
3959,0,0
3960,5,5
3961,6,6
3962,3,3
3963,2,2
3964,8,8
3965,3,3
3966,9,4
3967,9,4
3968,5,2
3969,7,7
3970,9,9
3971,4,4
3972,6,6
3973,7,7
3974,1,4
3975,3,2
3976,7,7
3977,3,2
3978,6,6
3979,6,6
3980,0,0
3981,9,9
3982,0,0
3983,1,1
3984,9,9
3985,9,4
3986,2,2
3987,8,8
3988,8,8
3989,0,0
3990,1,1
3991,6,6
3992,9,9
3993,7,7
3994,5,5
3995,3,5
3996,4,4
3997,7,7
3998,4,4
3999,9,9
4000,9,2
4001,4,4
4002,3,5
4003,6,6
4004,3,3
4005,1,1
4006,1,1
4007,7,5
4008,6,6
4009,9,9
4010,1,1
4011,8,8
4012,4,4
4013,1,5
4014,1,1
4015,9,9
4016,9,9
4017,4,8
4018,3,3
4019,6,6
4020,8,8
4021,1,8
4022,6,6
4023,0,0
4024,4,4
4025,1,1
4026,3,3
4027,7,4
4028,7,7
4029,4,4
4030,9,9
4031,5,3
4032,1,1
4033,0,0
4034,0,0
4035,1,1
4036,1,1
4037,6,6
4038,2,2
4039,1,1
4040,9,9
4041,8,8
4042,4,4
4043,0,0
4044,3,5
4045,6,6
4046,4,4
4047,9,9
4048,0,0
4049,7,7
4050,1,1
4051,6,6
4052,5,5
4053,7,4
4054,5,5
4055,2,2
4056,5,5
4057,1,1
4058,8,8
4059,5,5
4060,4,4
4061,7,7
4062,0,0
4063,6,8
4064,7,7
4065,0,2
4066,2,2
4067,5,5
4068,8,8
4069,1,1
4070,0,0
4071,4,4
4072,5,5
4073,7,7
4074,1,1
4075,8,8
4076,5,2
4077,1,1
4078,9,8
4079,0,0
4080,0,0
4081,6,8
4082,0,0
4083,7,7
4084,3,3
4085,1,1
4086,8,8
4087,3,3
4088,9,9
4089,7,7
4090,0,0
4091,0,0
4092,8,8
4093,9,4
4094,5,5
4095,9,9
4096,8,8
4097,3,3
4098,2,2
4099,7,2
4100,2,2
4101,9,9
4102,7,7
4103,2,2
4104,1,6
4105,1,1
4106,3,3
4107,7,7
4108,5,5
4109,3,3
4110,1,1
4111,9,2
4112,8,8
4113,2,2
4114,2,2
4115,2,2
4116,8,8
4117,8,8
4118,5,5
4119,7,7
4120,3,3
4121,8,8
4122,9,9
4123,8,3
4124,8,8
4125,6,6
4126,8,8
4127,2,2
4128,3,3
4129,9,9
4130,7,7
4131,5,5
4132,6,6
4133,2,2
4134,9,9
4135,2,2
4136,8,8
4137,8,8
4138,1,1
4139,6,6
4140,8,2
4141,8,8
4142,7,7
4143,9,9
4144,1,1
4145,8,8
4146,0,0
4147,1,1
4148,7,7
4149,2,2
4150,0,0
4151,7,7
4152,5,5
4153,1,1
4154,9,9
4155,0,0
4156,2,2
4157,0,0
4158,9,9
4159,8,8
4160,6,6
4161,2,2
4162,3,3
4163,9,9
4164,3,3
4165,8,8
4166,0,0
4167,2,3
4168,1,1
4169,1,1
4170,1,1
4171,1,1
4172,4,4
4173,2,2
4174,9,9
4175,7,7
4176,2,2
4177,5,2
4178,1,1
4179,1,1
4180,2,2
4181,1,1
4182,9,9
4183,9,9
4184,9,9
4185,1,1
4186,0,0
4187,2,2
4188,0,0
4189,2,2
4190,1,1
4191,1,1
4192,4,4
4193,6,4
4194,4,4
4195,1,1
4196,5,5
4197,4,4
4198,9,9
4199,7,9
4200,7,7
4201,1,6
4202,5,5
4203,6,6
4204,2,2
4205,2,0
4206,2,2
4207,8,8
4208,0,0
4209,6,6
4210,9,9
4211,6,8
4212,1,5
4213,9,9
4214,7,7
4215,7,2
4216,1,1
4217,4,4
4218,8,8
4219,5,5
4220,3,3
4221,4,4
4222,3,2
4223,4,4
4224,9,7
4225,7,7
4226,5,5
4227,0,0
4228,7,2
4229,4,4
4230,8,8
4231,8,8
4232,1,1
4233,5,5
4234,3,5
4235,9,9
4236,5,5
4237,9,9
4238,7,5
4239,6,5
4240,9,9
4241,0,0
4242,3,3
4243,6,6
4244,3,3
4245,9,9
4246,8,8
4247,2,2
4248,2,2
4249,1,1
4250,2,2
4251,8,8
4252,6,6
4253,8,8
4254,5,5
4255,5,5
4256,3,2
4257,9,9
4258,4,4
4259,9,9
4260,2,2
4261,5,5
4262,1,1
4263,5,5
4264,1,1
4265,4,4
4266,4,4
4267,1,1
4268,4,4
4269,4,4
4270,3,3
4271,5,3
4272,9,9
4273,1,1
4274,2,2
4275,2,2
4276,3,3
4277,3,3
4278,0,0
4279,2,2
4280,9,9
4281,0,0
4282,0,0
4283,9,9
4284,9,9
4285,6,6
4286,0,0
4287,9,9
4288,3,3
4289,2,9
4290,8,8
4291,4,4
4292,1,1
4293,9,9
4294,9,9
4295,7,7
4296,2,2
4297,7,7
4298,9,9
4299,9,9
4300,5,8
4301,9,4
4302,5,5
4303,1,1
4304,1,1
4305,8,8
4306,3,3
4307,5,5
4308,1,1
4309,9,9
4310,5,5
4311,3,5
4312,5,5
4313,4,4
4314,9,9
4315,5,5
4316,9,9
4317,3,5
4318,1,1
4319,9,9
4320,0,0
4321,9,9
4322,7,7
4323,5,5
4324,4,4
4325,9,9
4326,2,2
4327,0,0
4328,1,1
4329,0,0
4330,5,5
4331,1,1
4332,4,4
4333,9,9
4334,3,5
4335,3,3
4336,6,6
4337,1,1
4338,5,5
4339,2,2
4340,5,5
4341,2,2
4342,2,2
4343,0,0
4344,9,9
4345,2,2
4346,6,6
4347,6,6
4348,0,0
4349,1,1
4350,2,2
4351,0,0
4352,3,3
4353,0,0
4354,2,2
4355,5,5
4356,5,8
4357,7,7
4358,9,9
4359,5,5
4360,5,8
4361,0,0
4362,8,8
4363,9,9
4364,5,5
4365,0,0
4366,3,3
4367,2,2
4368,5,5
4369,9,4
4370,0,0
4371,8,8
4372,8,8
4373,4,4
4374,5,5
4375,8,8
4376,8,8
4377,4,4
4378,5,5
4379,4,4
4380,8,8
4381,5,5
4382,4,4
4383,9,9
4384,2,2
4385,2,2
4386,1,1
4387,2,2
4388,6,6
4389,8,8
4390,8,8
4391,7,7
4392,0,0
4393,3,2
4394,6,6
4395,6,4
4396,4,4
4397,3,3
4398,8,8
4399,8,8
4400,7,2
4401,2,2
4402,2,2
4403,0,0
4404,0,0
4405,9,9
4406,3,3
4407,9,9
4408,9,9
4409,1,1
4410,9,9
4411,8,8
4412,6,6
4413,6,6
4414,4,4
4415,2,2
4416,6,6
4417,9,9
4418,2,2
4419,8,4
4420,5,5
4421,4,4
4422,5,5
4423,7,7
4424,9,9
4425,9,9
4426,9,9
4427,2,2
4428,1,1
4429,8,8
4430,3,3
4431,4,4
4432,0,0
4433,7,2
4434,8,8
4435,3,3
4436,9,9
4437,3,3
4438,4,4
4439,6,6
4440,5,5
4441,6,6
4442,2,2
4443,3,5
4444,9,9
4445,2,2
4446,6,6
4447,0,0
4448,0,0
4449,6,6
4450,1,1
4451,2,2
4452,8,8
4453,7,7
4454,9,8
4455,8,8
4456,2,2
4457,0,0
4458,4,4
4459,7,7
4460,7,7
4461,5,5
4462,0,0
4463,5,5
4464,6,6
4465,4,4
4466,6,6
4467,7,7
4468,4,4
4469,3,3
4470,0,0
4471,7,7
4472,5,5
4473,0,0
4474,7,7
4475,4,4
4476,2,2
4477,0,6
4478,8,8
4479,9,9
4480,9,9
4481,4,4
4482,2,5
4483,4,4
4484,6,6
4485,7,7
4486,8,8
4487,7,7
4488,6,6
4489,9,5
4490,4,4
4491,1,1
4492,3,3
4493,7,7
4494,3,3
4495,0,0
4496,8,8
4497,8,2
4498,7,3
4499,6,6
4500,9,1
4501,3,8
4502,9,9
4503,2,2
4504,2,2
4505,9,2
4506,2,2
4507,1,2
4508,8,2
4509,3,3
4510,2,2
4511,9,9
4512,6,6
4513,8,8
4514,4,4
4515,0,0
4516,1,1
4517,2,2
4518,8,8
4519,4,4
4520,5,5
4521,2,3
4522,7,7
4523,8,8
4524,1,1
4525,1,1
4526,3,3
4527,0,0
4528,3,5
4529,5,5
4530,7,7
4531,0,0
4532,3,3
4533,1,1
4534,9,8
4535,3,3
4536,6,5
4537,3,3
4538,1,1
4539,7,7
4540,7,7
4541,3,8
4542,0,0
4543,8,8
4544,4,4
4545,8,8
4546,2,2
4547,6,4
4548,5,5
4549,2,2
4550,9,9
4551,7,4
4552,3,8
4553,9,9
4554,0,0
4555,9,9
4556,9,9
4557,6,6
4558,4,4
4559,2,2
4560,9,9
4561,7,7
4562,2,2
4563,1,1
4564,1,1
4565,6,6
4566,7,2
4567,4,4
4568,7,7
4569,5,5
4570,9,9
4571,6,8
4572,8,8
4573,2,2
4574,1,1
4575,4,2
4576,4,4
4577,5,5
4578,7,7
4579,6,6
4580,1,1
4581,3,3
4582,2,2
4583,5,5
4584,9,9
4585,9,4
4586,3,3
4587,6,6
4588,1,1
4589,1,1
4590,4,4
4591,6,6
4592,9,9
4593,7,7
4594,2,2
4595,1,9
4596,5,5
4597,1,1
4598,4,4
4599,6,6
4600,3,3
4601,8,4
4602,1,1
4603,1,1
4604,0,0
4605,3,3
4606,1,1
4607,6,6
4608,8,8
4609,4,4
4610,9,9
4611,0,0
4612,7,7
4613,3,3
4614,0,0
4615,2,2
4616,9,9
4617,0,0
4618,6,6
4619,6,6
4620,6,2
4621,3,3
4622,6,6
4623,7,7
4624,7,7
4625,2,2
4626,8,8
4627,6,6
4628,0,0
4629,8,8
4630,3,3
4631,0,0
4632,2,2
4633,9,9
4634,8,8
4635,3,5
4636,2,2
4637,5,5
4638,3,3
4639,8,5
4640,8,8
4641,0,2
4642,0,0
4643,1,1
4644,9,9
4645,5,5
4646,1,1
4647,3,3
4648,9,9
4649,6,6
4650,0,0
4651,1,1
4652,4,4
4653,1,1
4654,7,2
4655,1,1
4656,2,2
4657,3,3
4658,7,7
4659,9,9
4660,7,7
4661,4,4
4662,9,9
4663,9,9
4664,3,3
4665,9,9
4666,2,2
4667,8,8
4668,2,2
4669,7,7
4670,1,1
4671,8,5
4672,0,0
4673,9,9
4674,1,1
4675,0,0
4676,1,1
4677,7,7
4678,7,7
4679,9,9
4680,6,6
4681,9,2
4682,9,9
4683,9,9
4684,2,2
4685,1,1
4686,6,6
4687,1,1
4688,3,3
4689,5,5
4690,7,2
4691,1,1
4692,9,9
4693,7,7
4694,6,6
4695,4,4
4696,5,5
4697,7,5
4698,6,6
4699,6,7
4700,9,9
4701,9,9
4702,6,5
4703,3,3
4704,6,6
4705,2,2
4706,9,9
4707,8,8
4708,1,1
4709,2,2
4710,2,2
4711,5,5
4712,5,5
4713,2,2
4714,3,3
4715,7,7
4716,2,2
4717,1,1
4718,0,0
4719,1,1
4720,0,0
4721,4,4
4722,5,5
4723,2,2
4724,8,8
4725,2,2
4726,8,8
4727,3,9
4728,5,5
4729,1,1
4730,7,7
4731,8,8
4732,1,1
4733,1,1
4734,2,2
4735,9,9
4736,7,7
4737,8,3
4738,4,4
4739,0,0
4740,3,6
4741,0,0
4742,7,2
4743,8,6
4744,8,8
4745,4,4
4746,7,7
4747,7,7
4748,8,8
4749,5,5
4750,8,8
4751,4,6
4752,9,9
4753,8,8
4754,1,1
4755,3,3
4756,8,8
4757,0,0
4758,3,3
4759,1,4
4760,7,7
4761,9,8
4762,5,5
4763,5,6
4764,1,1
4765,6,6
4766,5,5
4767,7,7
4768,4,4
4769,9,9
4770,3,3
4771,5,5
4772,4,4
4773,7,7
4774,1,1
4775,2,2
4776,0,0
4777,8,8
4778,1,1
4779,6,6
4780,0,0
4781,7,7
4782,3,3
4783,4,9
4784,7,7
4785,3,8
4786,9,9
4787,6,6
4788,0,0
4789,8,8
4790,6,6
4791,4,4
4792,8,8
4793,7,2
4794,7,7
4795,9,9
4796,3,3
4797,8,8
4798,6,2
4799,9,9
4800,7,7
4801,2,2
4802,3,3
4803,4,4
4804,0,0
4805,2,2
4806,1,1
4807,8,2
4808,3,5
4809,5,5
4810,5,5
4811,7,7
4812,2,2
4813,4,4
4814,6,6
4815,7,8
4816,2,7
4817,8,8
4818,3,3
4819,0,0
4820,8,8
4821,7,7
4822,8,8
4823,9,4
4824,0,0
4825,8,8
4826,4,4
4827,4,4
4828,5,3
4829,8,2
4830,5,5
4831,6,6
4832,6,6
4833,3,3
4834,0,0
4835,9,9
4836,3,5
4837,7,2
4838,6,5
4839,8,2
4840,9,9
4841,3,8
4842,4,9
4843,9,9
4844,5,5
4845,8,8
4846,9,9
4847,1,1
4848,2,2
4849,8,8
4850,8,8
4851,6,6
4852,8,8
4853,1,1
4854,3,5
4855,7,2
4856,9,7
4857,0,0
4858,1,1
4859,1,1
4860,4,4
4861,7,7
4862,0,0
4863,8,8
4864,1,1
4865,7,2
4866,4,7
4867,5,5
4868,7,8
4869,1,1
4870,2,2
4871,1,1
4872,1,1
4873,3,3
4874,9,0
4875,6,6
4876,2,2
4877,1,4
4878,2,2
4879,8,6
4880,0,0
4881,7,7
4882,6,8
4883,6,6
4884,9,9
4885,3,3
4886,7,8
4887,0,0
4888,5,5
4889,2,2
4890,8,8
4891,0,0
4892,5,5
4893,4,4
4894,3,3
4895,8,8
4896,4,4
4897,6,6
4898,6,6
4899,2,2
4900,7,7
4901,9,9
4902,5,5
4903,1,1
4904,3,3
4905,2,2
4906,4,4
4907,3,3
4908,6,6
4909,1,1
4910,9,9
4911,4,4
4912,4,4
4913,7,7
4914,6,6
4915,5,5
4916,4,4
4917,1,1
4918,9,9
4919,9,9
4920,2,2
4921,7,7
4922,8,8
4923,0,0
4924,1,1
4925,3,3
4926,6,6
4927,1,1
4928,3,3
4929,4,4
4930,1,1
4931,1,1
4932,1,1
4933,5,5
4934,6,8
4935,0,0
4936,7,7
4937,0,0
4938,7,7
4939,2,2
4940,3,3
4941,2,2
4942,5,5
4943,2,2
4944,2,2
4945,9,9
4946,4,4
4947,9,9
4948,8,8
4949,1,1
4950,2,2
4951,1,4
4952,6,5
4953,1,1
4954,2,2
4955,7,7
4956,8,4
4957,0,0
4958,0,0
4959,0,0
4960,8,8
4961,2,2
4962,2,2
4963,9,9
4964,2,2
4965,2,2
4966,7,4
4967,9,9
4968,9,9
4969,2,2
4970,7,7
4971,5,5
4972,1,1
4973,3,3
4974,4,4
4975,9,9
4976,4,4
4977,1,1
4978,8,8
4979,5,7
4980,6,6
4981,2,2
4982,8,8
4983,3,3
4984,1,1
4985,2,2
4986,8,8
4987,4,4
4988,9,9
4989,9,9
4990,3,2
4991,7,7
4992,0,0
4993,7,7
4994,7,7
4995,2,2
4996,3,2
4997,2,2
4998,4,4
4999,0,0
5000,3,3
5001,9,9
5002,9,9
5003,8,8
5004,4,4
5005,1,1
5006,0,0
5007,6,6
5008,0,0
5009,9,9
5010,6,6
5011,8,8
5012,6,6
5013,1,1
5014,1,1
5015,9,9
5016,8,8
5017,9,9
5018,2,2
5019,3,2
5020,5,5
5021,5,5
5022,9,9
5023,4,4
5024,2,2
5025,1,1
5026,9,9
5027,4,4
5028,3,3
5029,9,9
5030,6,6
5031,0,0
5032,4,4
5033,0,0
5034,6,6
5035,0,0
5036,1,1
5037,2,2
5038,3,5
5039,4,4
5040,7,7
5041,8,8
5042,9,9
5043,0,0
5044,1,1
5045,2,2
5046,3,3
5047,4,4
5048,7,7
5049,8,8
5050,9,9
5051,0,0
5052,1,1
5053,2,2
5054,3,8
5055,4,4
5056,5,5
5057,6,6
5058,7,7
5059,8,8
5060,9,9
5061,8,8
5062,3,3
5063,4,4
5064,7,7
5065,8,8
5066,6,6
5067,3,8
5068,4,9
5069,0,0
5070,9,9
5071,7,7
5072,1,1
5073,9,9
5074,3,5
5075,8,8
5076,4,4
5077,7,7
5078,3,3
5079,0,0
5080,9,9
5081,1,1
5082,4,4
5083,5,5
5084,4,4
5085,6,6
5086,2,2
5087,0,0
5088,6,9
5089,2,2
5090,1,1
5091,1,1
5092,1,1
5093,1,1
5094,7,7
5095,2,2
5096,4,4
5097,7,7
5098,5,5
5099,2,2
5100,9,9
5101,4,4
5102,5,5
5103,8,8
5104,4,4
5105,2,2
5106,9,9
5107,7,7
5108,0,0
5109,0,0
5110,7,7
5111,5,5
5112,1,1
5113,1,1
5114,7,7
5115,6,6
5116,6,6
5117,6,6
5118,8,8
5119,2,2
5120,2,2
5121,7,7
5122,7,7
5123,4,4
5124,0,0
5125,2,2
5126,4,4
5127,2,2
5128,1,1
5129,8,8
5130,9,9
5131,6,6
5132,1,1
5133,0,0
5134,5,5
5135,9,9
5136,6,6
5137,9,9
5138,8,8
5139,0,0
5140,3,5
5141,0,0
5142,8,8
5143,3,2
5144,9,9
5145,6,2
5146,3,5
5147,0,0
5148,1,1
5149,2,2
5150,3,3
5151,4,4
5152,5,5
5153,6,6
5154,7,7
5155,0,0
5156,1,1
5157,2,2
5158,3,3
5159,4,4
5160,5,5
5161,6,4
5162,7,7
5163,8,2
5164,9,9
5165,0,2
5166,1,1
5167,2,2
5168,3,3
5169,4,4
5170,5,5
5171,6,6
5172,7,7
5173,8,8
5174,5,5
5175,4,4
5176,8,8
5177,7,7
5178,4,4
5179,7,7
5180,7,7
5181,3,3
5182,9,9
5183,8,4
5184,8,8
5185,3,3
5186,1,1
5187,5,5
5188,8,8
5189,2,2
5190,7,7
5191,4,4
5192,2,2
5193,1,1
5194,5,5
5195,4,4
5196,5,5
5197,5,5
5198,8,8
5199,6,7
5200,4,4
5201,4,6
5202,4,4
5203,1,1
5204,8,8
5205,7,7
5206,5,5
5207,5,5
5208,1,1
5209,8,2
5210,9,9
5211,1,1
5212,3,3
5213,6,6
5214,3,3
5215,3,3
5216,2,2
5217,2,2
5218,6,4
5219,9,9
5220,9,9
5221,6,6
5222,5,5
5223,5,5
5224,3,3
5225,3,3
5226,8,8
5227,1,1
5228,6,6
5229,5,5
5230,6,6
5231,8,8
5232,1,1
5233,9,9
5234,7,7
5235,6,6
5236,8,8
5237,3,3
5238,7,7
5239,4,9
5240,7,7
5241,0,0
5242,9,9
5243,0,0
5244,0,2
5245,3,3
5246,7,2
5247,9,9
5248,3,3
5249,0,0
5250,2,2
5251,0,0
5252,1,1
5253,0,0
5254,1,1
5255,0,0
5256,4,4
5257,0,0
5258,1,1
5259,0,0
5260,4,4
5261,7,7
5262,9,9
5263,6,6
5264,2,2
5265,6,6
5266,2,2
5267,2,2
5268,9,8
5269,9,8
5270,0,0
5271,1,1
5272,2,2
5273,3,3
5274,4,4
5275,5,5
5276,6,6
5277,7,7
5278,8,9
5279,9,9
5280,0,0
5281,1,1
5282,2,2
5283,3,3
5284,4,4
5285,5,5
5286,6,6
5287,7,7
5288,8,0
5289,9,9
5290,0,0
5291,1,1
5292,2,2
5293,3,3
5294,4,4
5295,5,5
5296,6,6
5297,7,7
5298,8,8
5299,9,9
5300,8,8
5301,0,0
5302,5,5
5303,6,6
5304,6,6
5305,0,0
5306,8,8
5307,0,0
5308,2,2
5309,3,3
5310,7,7
5311,9,9
5312,4,4
5313,7,7
5314,1,1
5315,9,9
5316,1,1
5317,7,7
5318,1,1
5319,4,4
5320,0,0
5321,0,0
5322,4,4
5323,1,1
5324,7,7
5325,5,5
5326,7,7
5327,1,1
5328,3,3
5329,3,3
5330,3,3
5331,1,6
5332,6,6
5333,9,9
5334,7,7
5335,4,4
5336,3,3
5337,0,0
5338,2,2
5339,5,5
5340,2,2
5341,6,6
5342,0,0
5343,8,8
5344,9,9
5345,4,4
5346,3,3
5347,5,5
5348,4,4
5349,8,8
5350,1,1
5351,5,5
5352,9,9
5353,0,0
5354,6,6
5355,4,4
5356,3,3
5357,6,6
5358,3,3
5359,3,3
5360,8,8
5361,1,1
5362,4,4
5363,7,7
5364,5,5
5365,7,7
5366,2,2
5367,2,2
5368,0,0
5369,0,0
5370,1,1
5371,7,7
5372,7,7
5373,9,9
5374,5,5
5375,9,9
5376,8,8
5377,9,9
5378,6,6
5379,8,8
5380,8,8
5381,2,2
5382,3,5
5383,6,6
5384,1,1
5385,2,2
5386,9,9
5387,8,8
5388,9,9
5389,5,5
5390,2,2
5391,6,6
5392,2,2
5393,4,4
5394,8,8
5395,4,4
5396,6,6
5397,5,5
5398,0,0
5399,1,1
5400,5,5
5401,6,6
5402,7,7
5403,8,8
5404,9,9
5405,0,0
5406,1,1
5407,2,2
5408,3,2
5409,4,4
5410,5,5
5411,6,6
5412,7,7
5413,8,8
5414,9,9
5415,0,0
5416,1,1
5417,2,2
5418,3,3
5419,4,4
5420,5,5
5421,6,6
5422,7,7
5423,8,8
5424,9,9
5425,7,7
5426,4,4
5427,2,2
5428,0,0
5429,9,9
5430,0,0
5431,1,1
5432,5,5
5433,8,8
5434,8,8
5435,0,0
5436,2,2
5437,7,7
5438,8,8
5439,4,4
5440,4,4
5441,6,6
5442,1,1
5443,0,0
5444,4,4
5445,5,5
5446,3,9
5447,9,9
5448,4,4
5449,2,2
5450,0,0
5451,5,5
5452,0,0
5453,1,1
5454,3,3
5455,2,2
5456,9,9
5457,1,4
5458,6,6
5459,0,0
5460,1,1
5461,1,1
5462,8,8
5463,0,0
5464,4,4
5465,7,7
5466,7,7
5467,6,6
5468,3,3
5469,6,6
5470,0,0
5471,7,7
5472,3,3
5473,5,5
5474,4,4
5475,2,2
5476,4,4
5477,1,1
5478,8,8
5479,3,3
5480,5,5
5481,6,6
5482,7,7
5483,0,0
5484,6,6
5485,7,7
5486,1,1
5487,2,2
5488,5,5
5489,8,8
5490,1,1
5491,9,9
5492,3,3
5493,8,8
5494,2,2
5495,8,8
5496,7,7
5497,6,6
5498,7,7
5499,1,1
5500,4,4
5501,6,6
5502,2,2
5503,9,9
5504,3,2
5505,0,0
5506,1,1
5507,2,2
5508,3,3
5509,4,4
5510,5,5
5511,6,6
5512,7,7
5513,0,0
5514,1,1
5515,2,2
5516,3,3
5517,4,4
5518,5,5
5519,0,5
5520,1,1
5521,2,2
5522,8,8
5523,9,9
5524,1,1
5525,4,4
5526,0,0
5527,9,9
5528,5,5
5529,0,0
5530,8,8
5531,0,0
5532,7,7
5533,7,7
5534,1,1
5535,1,1
5536,2,2
5537,9,9
5538,3,3
5539,6,6
5540,7,7
5541,2,2
5542,3,3
5543,8,8
5544,1,1
5545,2,2
5546,9,9
5547,8,8
5548,8,8
5549,7,7
5550,1,1
5551,7,7
5552,1,1
5553,1,1
5554,0,0
5555,3,3
5556,4,4
5557,2,2
5558,6,6
5559,4,9
5560,7,7
5561,4,2
5562,2,2
5563,7,7
5564,4,4
5565,9,9
5566,1,1
5567,0,0
5568,6,6
5569,8,8
5570,5,5
5571,5,5
5572,5,5
5573,3,5
5574,5,5
5575,9,9
5576,7,7
5577,4,4
5578,8,8
5579,5,5
5580,9,9
5581,6,6
5582,9,9
5583,3,3
5584,0,0
5585,3,3
5586,8,8
5587,9,9
5588,1,1
5589,8,8
5590,1,1
5591,6,6
5592,0,0
5593,0,0
5594,1,1
5595,2,2
5596,3,3
5597,4,4
5598,5,5
5599,6,6
5600,7,9
5601,8,8
5602,9,9
5603,0,0
5604,1,1
5605,2,2
5606,3,3
5607,4,4
5608,5,5
5609,6,6
5610,7,7
5611,8,8
5612,9,9
5613,0,2
5614,1,1
5615,2,2
5616,3,3
5617,4,4
5618,5,5
5619,6,6
5620,7,9
5621,8,8
5622,9,9
5623,3,2
5624,5,5
5625,3,3
5626,2,2
5627,9,9
5628,3,3
5629,2,2
5630,1,9
5631,4,4
5632,5,5
5633,5,5
5634,2,2
5635,3,3
5636,2,2
5637,1,9
5638,3,3
5639,9,9
5640,7,7
5641,2,2
5642,1,4
5643,2,2
5644,8,8
5645,9,9
5646,1,1
5647,8,8
5648,8,8
5649,7,7
5650,8,8
5651,1,1
5652,0,0
5653,0,0
5654,7,7
5655,7,7
5656,8,8
5657,7,7
5658,5,5
5659,0,0
5660,6,6
5661,1,1
5662,5,5
5663,7,7
5664,4,4
5665,6,6
5666,1,1
5667,2,2
5668,5,5
5669,0,0
5670,7,7
5671,9,9
5672,9,9
5673,0,0
5674,3,2
5675,8,8
5676,4,4
5677,4,4
5678,8,8
5679,1,1
5680,8,8
5681,6,6
5682,5,5
5683,9,9
5684,0,0
5685,0,0
5686,0,0
5687,3,3
5688,7,7
5689,1,1
5690,6,6
5691,4,4
5692,2,2
5693,6,6
5694,6,6
5695,0,0
5696,4,4
5697,5,5
5698,4,4
5699,1,1
5700,3,3
5701,8,8
5702,6,6
5703,3,2
5704,9,9
5705,9,9
5706,5,5
5707,9,9
5708,3,3
5709,7,7
5710,8,8
5711,5,5
5712,6,6
5713,4,4
5714,7,7
5715,6,6
5716,2,2
5717,2,2
5718,0,0
5719,9,9
5720,4,4
5721,0,0
5722,1,1
5723,2,2
5724,3,3
5725,4,4
5726,5,5
5727,6,6
5728,7,7
5729,8,8
5730,9,9
5731,0,0
5732,1,1
5733,2,2
5734,3,2
5735,5,5
5736,6,4
5737,0,0
5738,1,1
5739,2,2
5740,3,3
5741,4,7
5742,5,5
5743,6,7
5744,8,8
5745,7,7
5746,1,7
5747,3,3
5748,2,2
5749,8,2
5750,0,0
5751,7,7
5752,5,5
5753,9,9
5754,9,9
5755,6,6
5756,0,0
5757,9,9
5758,4,4
5759,1,1
5760,3,3
5761,2,2
5762,1,1
5763,2,2
5764,3,3
5765,8,8
5766,3,3
5767,2,2
5768,6,6
5769,5,5
5770,6,6
5771,8,8
5772,2,2
5773,7,7
5774,4,4
5775,8,8
5776,1,1
5777,8,8
5778,0,0
5779,5,5
5780,3,3
5781,9,9
5782,4,4
5783,1,1
5784,9,9
5785,2,2
5786,1,1
5787,9,9
5788,6,6
5789,7,7
5790,9,9
5791,0,0
5792,4,4
5793,6,6
5794,1,1
5795,7,7
5796,3,3
5797,8,8
5798,7,7
5799,2,2
5800,9,9
5801,6,6
5802,5,5
5803,8,8
5804,3,5
5805,9,9
5806,0,0
5807,5,5
5808,7,7
5809,1,1
5810,6,6
5811,1,1
5812,0,0
5813,9,9
5814,3,2
5815,3,3
5816,4,4
5817,4,4
5818,0,0
5819,6,6
5820,2,2
5821,5,5
5822,4,4
5823,2,2
5824,3,8
5825,4,4
5826,6,6
5827,0,0
5828,0,0
5829,2,2
5830,0,0
5831,1,1
5832,4,4
5833,5,5
5834,6,6
5835,7,2
5836,8,8
5837,9,9
5838,0,0
5839,1,1
5840,2,2
5841,3,2
5842,4,4
5843,5,5
5844,6,6
5845,7,7
5846,8,8
5847,0,0
5848,1,1
5849,2,2
5850,3,3
5851,4,4
5852,5,5
5853,6,6
5854,7,7
5855,8,8
5856,9,9
5857,8,8
5858,7,9
5859,1,1
5860,3,3
5861,7,7
5862,5,5
5863,2,2
5864,8,8
5865,0,0
5866,7,7
5867,5,5
5868,9,9
5869,9,9
5870,0,0
5871,9,9
5872,1,1
5873,1,1
5874,5,5
5875,8,8
5876,8,8
5877,6,6
5878,3,3
5879,2,2
5880,1,1
5881,8,8
5882,3,5
5883,2,2
5884,6,6
5885,5,5
5886,6,6
5887,7,8
5888,4,2
5889,1,1
5890,0,5
5891,5,5
5892,3,3
5893,1,1
5894,9,9
5895,2,2
5896,1,1
5897,9,9
5898,6,6
5899,0,0
5900,4,4
5901,6,6
5902,1,1
5903,7,7
5904,3,3
5905,8,8
5906,7,9
5907,2,2
5908,9,9
5909,6,6
5910,5,5
5911,8,8
5912,3,3
5913,5,5
5914,7,7
5915,1,1
5916,6,9
5917,1,1
5918,0,0
5919,9,9
5920,6,6
5921,2,2
5922,5,5
5923,4,4
5924,2,2
5925,3,3
5926,4,4
5927,4,4
5928,6,6
5929,0,0
5930,0,0
5931,2,2
5932,0,0
5933,1,1
5934,2,2
5935,3,5
5936,4,2
5937,5,5
5938,6,6
5939,7,7
5940,8,8
5941,9,9
5942,0,0
5943,1,1
5944,2,2
5945,3,3
5946,4,7
5947,5,5
5948,6,6
5949,7,7
5950,8,8
5951,9,9
5952,0,0
5953,1,1
5954,2,2
5955,3,3
5956,4,4
5957,5,5
5958,6,6
5959,7,7
5960,8,8
5961,9,9
5962,8,8
5963,6,6
5964,5,5
5965,0,0
5966,6,6
5967,8,8
5968,9,9
5969,4,4
5970,1,1
5971,9,9
5972,5,5
5973,3,8
5974,0,0
5975,4,2
5976,8,8
5977,9,9
5978,1,1
5979,4,4
5980,0,0
5981,5,5
5982,5,3
5983,2,2
5984,1,1
5985,5,5
5986,4,4
5987,0,2
5988,7,7
5989,6,4
5990,0,0
5991,1,1
5992,7,7
5993,0,0
5994,6,6
5995,8,8
5996,9,2
5997,5,5
5998,1,1
5999,7,7
6000,9,9
6001,8,8
6002,6,2
6003,0,0
6004,8,8
6005,1,1
6006,7,1
6007,7,7
6008,1,1
6009,3,5
6010,2,2
6011,3,5
6012,1,1
6013,4,4
6014,2,2
6015,0,0
6016,0,0
6017,7,7
6018,8,8
6019,4,4
6020,6,9
6021,4,4
6022,9,9
6023,3,5
6024,8,8
6025,4,4
6026,7,2
6027,2,3
6028,5,5
6029,6,9
6030,3,3
6031,6,6
6032,9,9
6033,6,6
6034,3,3
6035,2,0
6036,2,2
6037,4,9
6038,6,2
6039,9,9
6040,0,0
6041,2,2
6042,5,3
6043,5,3
6044,1,1
6045,3,5
6046,3,3
6047,9,9
6048,7,7
6049,8,8
6050,7,7
6051,2,2
6052,2,2
6053,5,5
6054,7,7
6055,9,9
6056,8,8
6057,2,2
6058,1,1
6059,3,8
6060,1,1
6061,3,3
6062,0,0
6063,1,1
6064,2,2
6065,3,8
6066,4,4
6067,5,5
6068,6,6
6069,7,3
6070,8,8
6071,9,5
6072,0,0
6073,1,8
6074,2,2
6075,3,3
6076,4,4
6077,5,8
6078,6,6
6079,7,7
6080,8,8
6081,9,5
6082,0,0
6083,1,1
6084,2,2
6085,3,5
6086,4,4
6087,5,5
6088,6,6
6089,7,7
6090,8,8
6091,9,5
6092,1,1
6093,2,2
6094,6,6
6095,5,5
6096,3,5
6097,0,0
6098,7,7
6099,0,0
6100,4,4
6101,1,8
6102,4,4
6103,3,3
6104,6,6
6105,7,7
6106,2,2
6107,3,3
6108,1,1
6109,2,2
6110,1,1
6111,2,2
6112,9,5
6113,6,6
6114,0,0
6115,1,1
6116,3,8
6117,0,0
6118,2,2
6119,7,7
6120,5,5
6121,7,7
6122,6,6
6123,2,2
6124,9,9
6125,1,1
6126,9,5
6127,0,0
6128,6,6
6129,0,0
6130,6,6
6131,0,0
6132,2,2
6133,0,0
6134,6,6
6135,1,8
6136,5,5
6137,8,8
6138,4,4
6139,3,3
6140,0,0
6141,1,1
6142,5,5
6143,4,4
6144,4,4
6145,8,8
6146,5,5
6147,7,7
6148,5,5
6149,7,7
6150,8,8
6151,3,3
6152,4,4
6153,8,8
6154,8,8
6155,5,5
6156,2,2
6157,9,5
6158,7,7
6159,1,1
6160,3,8
6161,8,8
6162,1,1
6163,0,0
6164,7,7
6165,5,5
6166,9,5
6167,6,6
6168,9,5
6169,4,4
6170,7,7
6171,7,7
6172,9,5
6173,9,2
6174,3,3
6175,4,4
6176,4,4
6177,3,3
6178,8,8
6179,6,6
6180,2,2
6181,0,0
6182,1,1
6183,2,2
6184,3,3
6185,4,4
6186,5,5
6187,6,6
6188,7,7
6189,8,8
6190,9,9
6191,0,0
6192,1,1
6193,2,2
6194,3,3
6195,4,4
6196,5,5
6197,6,6
6198,7,7
6199,8,8
6200,9,9
6201,0,0
6202,1,1
6203,2,2
6204,3,8
6205,4,4
6206,5,5
6207,6,6
6208,7,7
6209,8,8
6210,9,9
6211,0,0
6212,8,8
6213,3,3
6214,9,9
6215,5,5
6216,5,5
6217,2,2
6218,6,6
6219,8,8
6220,4,4
6221,9,9
6222,1,1
6223,7,7
6224,1,1
6225,2,2
6226,3,3
6227,5,5
6228,9,9
6229,6,6
6230,9,9
6231,1,1
6232,1,1
6233,1,1
6234,2,2
6235,9,9
6236,5,5
6237,6,6
6238,8,8
6239,1,1
6240,2,2
6241,0,0
6242,7,7
6243,7,4
6244,5,5
6245,8,8
6246,2,2
6247,9,9
6248,8,8
6249,9,9
6250,0,0
6251,4,4
6252,6,6
6253,7,7
6254,1,1
6255,3,3
6256,4,4
6257,5,5
6258,6,6
6259,0,0
6260,3,5
6261,6,6
6262,8,8
6263,7,7
6264,0,0
6265,4,4
6266,2,2
6267,7,7
6268,4,4
6269,7,7
6270,5,5
6271,4,4
6272,3,3
6273,4,4
6274,2,2
6275,8,8
6276,1,1
6277,5,5
6278,1,1
6279,2,2
6280,0,0
6281,2,2
6282,5,5
6283,6,6
6284,4,4
6285,3,2
6286,0,0
6287,0,0
6288,0,0
6289,3,3
6290,3,3
6291,5,5
6292,7,7
6293,0,0
6294,6,6
6295,4,4
6296,8,8
6297,8,8
6298,6,6
6299,3,3
6300,4,4
6301,6,6
6302,9,9
6303,9,9
6304,8,8
6305,2,2
6306,7,7
6307,7,7
6308,1,8
6309,0,0
6310,1,1
6311,2,2
6312,3,3
6313,4,4
6314,5,5
6315,6,6
6316,7,7
6317,8,8
6318,9,9
6319,0,0
6320,1,1
6321,2,2
6322,3,3
6323,4,4
6324,5,5
6325,6,6
6326,7,7
6327,8,8
6328,0,0
6329,1,1
6330,2,2
6331,3,2
6332,4,4
6333,5,5
6334,6,6
6335,7,7
6336,8,8
6337,2,2
6338,1,1
6339,7,7
6340,2,2
6341,5,5
6342,0,0
6343,8,8
6344,0,0
6345,2,2
6346,7,7
6347,8,8
6348,8,8
6349,3,3
6350,6,6
6351,0,0
6352,2,2
6353,7,7
6354,6,6
6355,6,6
6356,1,1
6357,2,2
6358,8,8
6359,8,8
6360,7,7
6361,7,7
6362,4,4
6363,7,7
6364,7,7
6365,3,3
6366,7,7
6367,4,4
6368,5,5
6369,4,4
6370,3,3
6371,3,3
6372,8,8
6373,4,4
6374,1,1
6375,1,1
6376,9,9
6377,7,7
6378,4,4
6379,3,3
6380,7,7
6381,3,3
6382,3,3
6383,0,0
6384,2,2
6385,5,5
6386,5,5
6387,6,6
6388,6,6
6389,3,3
6390,5,5
6391,2,2
6392,5,5
6393,9,9
6394,9,9
6395,8,8
6396,4,4
6397,1,1
6398,0,0
6399,6,6
6400,0,0
6401,9,9
6402,6,2
6403,8,8
6404,8,8
6405,5,5
6406,6,6
6407,1,1
6408,1,1
6409,9,9
6410,8,8
6411,9,9
6412,2,2
6413,3,3
6414,5,5
6415,5,5
6416,9,9
6417,4,4
6418,2,2
6419,1,1
6420,9,9
6421,3,2
6422,9,9
6423,2,2
6424,0,0
6425,6,2
6426,0,0
6427,4,4
6428,0,0
6429,0,0
6430,1,1
6431,2,2
6432,3,3
6433,4,4
6434,7,7
6435,8,8
6436,9,9
6437,0,0
6438,1,1
6439,2,2
6440,3,3
6441,7,7
6442,8,8
6443,9,9
6444,0,0
6445,1,1
6446,2,2
6447,3,3
6448,4,4
6449,7,7
6450,8,8
6451,9,9
6452,7,4
6453,3,3
6454,0,0
6455,3,2
6456,1,1
6457,8,8
6458,7,7
6459,6,6
6460,4,4
6461,0,0
6462,2,2
6463,6,6
6464,8,8
6465,3,2
6466,2,2
6467,8,8
6468,1,1
6469,2,2
6470,0,0
6471,7,8
6472,1,1
6473,0,0
6474,4,4
6475,4,4
6476,5,5
6477,8,8
6478,0,0
6479,6,6
6480,2,2
6481,3,3
6482,1,1
6483,5,5
6484,1,1
6485,8,8
6486,5,5
6487,9,9
6488,4,4
6489,0,0
6490,7,7
6491,5,5
6492,8,8
6493,8,8
6494,3,3
6495,8,8
6496,9,9
6497,2,2
6498,6,6
6499,2,2
6500,5,5
6501,3,3
6502,1,1
6503,7,7
6504,3,3
6505,9,0
6506,1,1
6507,9,9
6508,9,9
6509,6,6
6510,0,0
6511,3,5
6512,9,9
6513,2,2
6514,8,8
6515,1,1
6516,4,4
6517,3,3
6518,5,5
6519,2,2
6520,9,9
6521,2,2
6522,5,5
6523,8,8
6524,9,9
6525,5,5
6526,0,0
6527,1,1
6528,2,2
6529,4,4
6530,5,5
6531,6,6
6532,0,0
6533,1,1
6534,2,2
6535,3,3
6536,4,4
6537,5,5
6538,6,6
6539,7,7
6540,1,1
6541,2,2
6542,3,3
6543,4,4
6544,5,5
6545,1,1
6546,0,0
6547,4,4
6548,5,5
6549,6,6
6550,6,6
6551,3,3
6552,4,4
6553,4,4
6554,2,2
6555,8,9
6556,1,1
6557,0,2
6558,6,3
6559,4,4
6560,9,9
6561,7,7
6562,2,2
6563,3,3
6564,3,5
6565,9,9
6566,2,2
6567,0,0
6568,9,9
6569,3,9
6570,3,3
6571,9,9
6572,1,1
6573,5,5
6574,2,7
6575,3,2
6576,7,7
6577,7,7
6578,8,9
6579,4,4
6580,0,0
6581,2,2
6582,4,4
6583,0,0
6584,2,2
6585,4,4
6586,7,7
6587,8,8
6588,0,0
6589,7,3
6590,0,2
6591,6,6
6592,9,9
6593,3,3
6594,2,2
6595,8,8
6596,6,6
6597,0,7
6598,5,5
6599,7,7
6600,5,5
6601,1,1
6602,0,0
6603,8,8
6604,1,1
6605,6,6
6606,7,7
6607,2,2
6608,9,9
6609,7,7
6610,9,9
6611,5,5
6612,8,8
6613,6,6
6614,2,2
6615,6,6
6616,2,2
6617,8,8
6618,1,1
6619,7,7
6620,5,5
6621,0,0
6622,1,1
6623,1,1
6624,3,3
6625,8,3
6626,4,4
6627,9,9
6628,1,1
6629,8,8
6630,6,6
6631,8,8
6632,9,5
6633,0,0
6634,1,1
6635,2,2
6636,3,3
6637,4,4
6638,5,5
6639,6,6
6640,7,7
6641,8,8
6642,9,9
6643,0,0
6644,1,1
6645,2,2
6646,3,3
6647,4,4
6648,7,7
6649,8,8
6650,9,9
6651,0,2
6652,1,1
6653,7,7
6654,8,8
6655,9,9
6656,9,9
6657,8,8
6658,9,9
6659,8,8
6660,4,4
6661,1,1
6662,7,3
6663,7,7
6664,3,3
6665,3,3
6666,7,7
6667,6,6
6668,6,6
6669,6,6
6670,1,1
6671,9,9
6672,0,0
6673,1,1
6674,7,7
6675,6,6
6676,3,3
6677,2,2
6678,1,1
6679,7,7
6680,1,1
6681,3,3
6682,9,9
6683,1,1
6684,7,7
6685,6,6
6686,8,8
6687,4,4
6688,1,1
6689,4,4
6690,3,3
6691,6,6
6692,9,9
6693,6,6
6694,1,4
6695,4,4
6696,4,4
6697,7,7
6698,2,2
6699,4,4
6700,4,4
6701,0,0
6702,1,1
6703,2,2
6704,3,3
6705,4,4
6706,5,5
6707,6,6
6708,7,8
6709,8,8
6710,9,4
6711,0,0
6712,1,1
6713,2,2
6714,3,3
6715,4,4
6716,5,5
6717,6,6
6718,9,9
6719,0,0
6720,1,1
6721,2,2
6722,3,3
6723,4,4
6724,7,7
6725,8,2
6726,1,1
6727,3,3
6728,5,5
6729,1,1
6730,7,8
6731,7,8
6732,2,2
6733,1,1
6734,4,4
6735,8,8
6736,3,3
6737,4,4
6738,4,4
6739,3,3
6740,9,0
6741,7,7
6742,4,4
6743,1,1
6744,2,2
6745,3,5
6746,5,5
6747,9,9
6748,1,1
6749,6,5
6750,0,0
6751,1,1
6752,0,0
6753,0,0
6754,2,2
6755,8,8
6756,7,8
6757,1,1
6758,1,1
6759,4,2
6760,0,0
6761,4,4
6762,7,8
6763,3,3
6764,6,6
6765,8,8
6766,0,0
6767,3,3
6768,7,7
6769,4,4
6770,0,0
6771,6,6
6772,9,9
6773,2,2
6774,6,6
6775,5,5
6776,8,8
6777,6,6
6778,9,9
6779,0,0
6780,4,4
6781,0,0
6782,6,0
6783,1,8
6784,9,9
6785,2,2
6786,0,0
6787,9,9
6788,5,5
6789,1,1
6790,3,3
6791,7,7
6792,6,6
6793,9,8
6794,3,3
6795,0,0
6796,2,2
6797,2,2
6798,0,0
6799,1,1
6800,2,2
6801,3,5
6802,4,4
6803,5,5
6804,6,6
6805,7,7
6806,8,8
6807,9,9
6808,0,0
6809,1,1
6810,2,2
6811,3,3
6812,4,4
6813,5,5
6814,6,6
6815,7,7
6816,8,8
6817,9,9
6818,0,0
6819,1,1
6820,2,2
6821,3,3
6822,4,4
6823,5,5
6824,6,6
6825,7,7
6826,8,8
6827,9,9
6828,2,2
6829,1,1
6830,7,7
6831,2,2
6832,5,5
6833,0,0
6834,8,8
6835,0,0
6836,2,2
6837,7,7
6838,8,8
6839,8,8
6840,3,2
6841,0,0
6842,6,6
6843,0,0
6844,2,2
6845,7,7
6846,6,6
6847,6,4
6848,1,1
6849,2,2
6850,8,8
6851,8,8
6852,7,7
6853,7,7
6854,4,4
6855,7,7
6856,7,7
6857,3,3
6858,7,7
6859,4,4
6860,5,5
6861,4,4
6862,3,3
6863,3,3
6864,8,8
6865,4,4
6866,5,5
6867,4,4
6868,1,1
6869,1,1
6870,9,9
6871,7,7
6872,4,4
6873,3,3
6874,7,7
6875,3,3
6876,3,3
6877,0,0
6878,2,2
6879,5,5
6880,5,5
6881,6,6
6882,3,3
6883,1,7
6884,5,5
6885,2,2
6886,5,5
6887,9,5
6888,9,9
6889,8,8
6890,4,4
6891,1,1
6892,0,0
6893,6,6
6894,0,8
6895,9,7
6896,6,6
6897,8,8
6898,8,8
6899,5,5
6900,6,6
6901,1,1
6902,1,1
6903,9,9
6904,8,8
6905,9,5
6906,2,7
6907,3,3
6908,5,5
6909,5,5
6910,9,9
6911,4,4
6912,2,2
6913,1,1
6914,9,5
6915,4,4
6916,9,9
6917,1,1
6918,3,3
6919,9,8
6920,2,2
6921,0,0
6922,6,6
6923,0,0
6924,4,4
6925,0,0
6926,6,6
6927,0,0
6928,1,1
6929,2,2
6930,3,3
6931,4,4
6932,5,5
6933,6,6
6934,7,7
6935,8,8
6936,9,9
6937,0,0
6938,1,1
6939,2,2
6940,3,5
6941,4,4
6942,5,5
6943,6,6
6944,7,7
6945,8,8
6946,9,9
6947,0,0
6948,1,1
6949,2,2
6950,3,3
6951,4,4
6952,5,5
6953,6,6
6954,7,7
6955,8,8
6956,9,9
6957,3,3
6958,8,8
6959,0,0
6960,7,7
6961,1,1
6962,0,0
6963,7,7
6964,5,5
6965,5,5
6966,6,6
6967,9,9
6968,0,0
6969,1,1
6970,0,0
6971,0,0
6972,8,8
6973,3,5
6974,4,4
6975,3,5
6976,1,1
6977,5,5
6978,0,0
6979,0,0
6980,9,9
6981,5,5
6982,3,3
6983,4,4
6984,9,9
6985,3,3
6986,7,7
6987,6,6
6988,9,9
6989,2,2
6990,4,4
6991,5,5
6992,7,7
6993,2,2
6994,6,6
6995,4,4
6996,9,9
6997,4,9
6998,9,9
6999,4,4
7000,1,1
7001,2,8
7002,2,2
7003,5,5
7004,8,8
7005,1,1
7006,3,3
7007,2,2
7008,9,9
7009,4,4
7010,3,3
7011,8,8
7012,2,2
7013,2,2
7014,1,1
7015,2,2
7016,8,8
7017,6,6
7018,5,5
7019,1,1
7020,6,6
7021,7,7
7022,2,2
7023,1,1
7024,3,3
7025,9,9
7026,3,3
7027,8,8
7028,7,7
7029,5,5
7030,7,7
7031,0,0
7032,7,7
7033,4,4
7034,8,8
7035,8,8
7036,5,5
7037,0,0
7038,6,6
7039,6,6
7040,3,3
7041,7,7
7042,6,6
7043,9,9
7044,9,9
7045,4,4
7046,8,8
7047,4,4
7048,1,1
7049,0,0
7050,6,6
7051,6,8
7052,0,0
7053,1,1
7054,2,3
7055,3,3
7056,4,4
7057,5,5
7058,6,6
7059,7,7
7060,8,8
7061,9,9
7062,0,0
7063,1,1
7064,2,2
7065,3,3
7066,4,4
7067,5,5
7068,6,6
7069,7,7
7070,8,8
7071,9,4
7072,0,0
7073,1,1
7074,2,2
7075,3,5
7076,4,4
7077,5,5
7078,6,6
7079,7,7
7080,8,8
7081,9,9
7082,7,7
7083,4,4
7084,0,0
7085,4,4
7086,0,0
7087,1,1
7088,7,7
7089,9,9
7090,5,5
7091,1,1
7092,4,4
7093,2,2
7094,8,8
7095,9,9
7096,4,4
7097,3,5
7098,7,7
7099,8,8
7100,2,2
7101,4,4
7102,4,4
7103,3,3
7104,3,3
7105,6,6
7106,9,9
7107,9,9
7108,5,5
7109,8,8
7110,6,6
7111,7,7
7112,0,0
7113,6,6
7114,8,8
7115,2,2
7116,6,6
7117,3,3
7118,9,9
7119,3,5
7120,2,2
7121,8,8
7122,6,6
7123,1,1
7124,7,7
7125,4,4
7126,8,8
7127,8,8
7128,9,9
7129,0,0
7130,3,8
7131,3,3
7132,9,9
7133,0,0
7134,5,5
7135,2,2
7136,9,9
7137,4,4
7138,1,1
7139,0,0
7140,3,3
7141,7,7
7142,5,5
7143,8,8
7144,7,7
7145,7,7
7146,8,8
7147,2,2
7148,9,9
7149,7,7
7150,1,1
7151,2,2
7152,6,6
7153,4,4
7154,2,2
7155,5,5
7156,2,2
7157,3,3
7158,6,6
7159,6,6
7160,5,5
7161,0,0
7162,0,0
7163,2,2
7164,8,8
7165,1,1
7166,6,6
7167,1,6
7168,0,0
7169,4,4
7170,3,3
7171,1,1
7172,6,6
7173,1,1
7174,9,9
7175,0,0
7176,1,1
7177,4,4
7178,5,5
7179,6,3
7180,7,7
7181,8,8
7182,9,9
7183,1,1
7184,2,2
7185,3,3
7186,4,4
7187,5,5
7188,6,6
7189,7,7
7190,0,0
7191,1,1
7192,2,2
7193,3,3
7194,4,4
7195,5,5
7196,6,6
7197,7,7
7198,8,8
7199,9,9
7200,8,8
7201,4,4
7202,0,0
7203,0,0
7204,7,7
7205,2,2
7206,4,4
7207,3,3
7208,8,8
7209,6,6
7210,6,6
7211,3,5
7212,2,2
7213,6,6
7214,3,3
7215,3,3
7216,0,6
7217,1,1
7218,4,4
7219,7,7
7220,8,8
7221,0,0
7222,3,3
7223,1,1
7224,9,9
7225,0,0
7226,1,1
7227,9,9
7228,1,1
7229,2,2
7230,7,7
7231,0,0
7232,1,1
7233,3,3
7234,8,8
7235,2,2
7236,9,9
7237,2,2
7238,7,5
7239,6,6
7240,5,5
7241,5,5
7242,9,9
7243,9,9
7244,8,8
7245,2,2
7246,9,9
7247,1,1
7248,3,5
7249,2,2
7250,3,3
7251,4,4
7252,3,5
7253,1,1
7254,9,9
7255,0,0
7256,9,9
7257,3,2
7258,6,5
7259,8,8
7260,7,7
7261,0,0
7262,1,1
7263,0,0
7264,5,5
7265,8,8
7266,2,2
7267,7,7
7268,7,7
7269,0,0
7270,1,1
7271,2,2
7272,3,3
7273,4,9
7274,5,5
7275,6,6
7276,7,7
7277,8,8
7278,9,9
7279,0,0
7280,1,1
7281,2,2
7282,3,3
7283,4,4
7284,5,5
7285,6,6
7286,7,7
7287,8,8
7288,9,9
7289,0,0
7290,1,1
7291,2,2
7292,3,3
7293,4,4
7294,5,5
7295,6,6
7296,7,7
7297,8,8
7298,9,9
7299,1,1
7300,7,7
7301,4,4
7302,8,8
7303,1,1
7304,5,5
7305,6,6
7306,5,5
7307,7,7
7308,2,2
7309,8,8
7310,6,6
7311,3,3
7312,3,3
7313,8,8
7314,6,6
7315,5,5
7316,4,4
7317,0,0
7318,9,9
7319,1,8
7320,7,7
7321,2,2
7322,9,9
7323,1,1
7324,5,5
7325,1,1
7326,3,3
7327,2,2
7328,2,2
7329,3,3
7330,0,0
7331,6,6
7332,4,4
7333,3,3
7334,7,7
7335,6,6
7336,9,9
7337,0,0
7338,4,4
7339,8,8
7340,1,1
7341,4,4
7342,0,0
7343,6,6
7344,1,1
7345,2,2
7346,6,6
7347,9,9
7348,2,2
7349,2,2
7350,3,3
7351,5,5
7352,5,5
7353,1,1
7354,0,0
7355,7,7
7356,7,7
7357,9,9
7358,6,6
7359,2,2
7360,9,9
7361,4,4
7362,7,7
7363,0,0
7364,2,2
7365,3,3
7366,4,4
7367,0,0
7368,0,0
7369,8,8
7370,8,8
7371,8,8
7372,5,5
7373,1,1
7374,3,3
7375,7,7
7376,4,4
7377,9,9
7378,8,8
7379,8,8
7380,9,9
7381,0,0
7382,9,9
7383,8,8
7384,9,9
7385,0,0
7386,2,2
7387,6,6
7388,5,5
7389,6,6
7390,7,7
7391,4,9
7392,7,8
7393,5,5
7394,4,4
7395,1,1
7396,3,8
7397,5,5
7398,3,3
7399,1,1
7400,2,2
7401,3,5
7402,4,4
7403,5,5
7404,6,6
7405,1,1
7406,2,2
7407,3,3
7408,4,4
7409,6,6
7410,0,0
7411,1,1
7412,2,2
7413,4,4
7414,5,5
7415,6,6
7416,7,7
7417,8,8
7418,1,1
7419,7,7
7420,2,2
7421,4,4
7422,1,1
7423,4,4
7424,1,1
7425,4,4
7426,9,3
7427,6,6
7428,8,8
7429,4,4
7430,5,5
7431,3,3
7432,7,2
7433,8,8
7434,4,4
7435,3,3
7436,3,3
7437,5,2
7438,6,6
7439,7,8
7440,0,0
7441,6,6
7442,1,1
7443,6,6
7444,8,8
7445,7,2
7446,0,0
7447,1,1
7448,5,5
7449,0,0
7450,8,8
7451,5,5
7452,0,0
7453,1,1
7454,5,5
7455,8,8
7456,4,4
7457,2,2
7458,3,3
7459,9,5
7460,7,7
7461,6,6
7462,9,9
7463,1,1
7464,9,9
7465,0,0
7466,6,6
7467,7,7
7468,1,1
7469,2,2
7470,3,3
7471,9,5
7472,2,2
7473,4,4
7474,5,5
7475,5,5
7476,3,2
7477,7,2
7478,5,5
7479,3,3
7480,1,1
7481,8,8
7482,2,2
7483,2,2
7484,3,3
7485,0,0
7486,2,2
7487,9,9
7488,4,4
7489,9,9
7490,7,2
7491,0,8
7492,2,3
7493,7,7
7494,4,4
7495,9,9
7496,9,9
7497,2,2
7498,5,5
7499,9,9
7500,8,8
7501,3,3
7502,8,8
7503,6,5
7504,7,7
7505,0,4
7506,0,0
7507,1,1
7508,2,2
7509,3,3
7510,4,4
7511,5,5
7512,6,6
7513,7,7
7514,8,8
7515,9,9
7516,0,0
7517,1,1
7518,2,2
7519,3,3
7520,4,4
7521,5,5
7522,6,6
7523,7,5
7524,8,8
7525,9,9
7526,0,0
7527,1,1
7528,2,2
7529,3,3
7530,4,4
7531,5,5
7532,6,6
7533,7,7
7534,8,8
7535,9,9
7536,0,0
7537,0,0
7538,7,9
7539,2,2
7540,6,6
7541,5,5
7542,5,5
7543,3,3
7544,7,7
7545,8,8
7546,6,6
7547,6,6
7548,6,6
7549,6,6
7550,4,4
7551,3,3
7552,8,8
7553,8,8
7554,3,5
7555,0,0
7556,1,1
7557,9,9
7558,0,0
7559,5,5
7560,4,4
7561,1,1
7562,9,9
7563,1,1
7564,2,2
7565,7,4
7566,0,0
7567,1,1
7568,3,8
7569,8,8
7570,2,2
7571,9,9
7572,2,2
7573,7,7
7574,4,4
7575,2,2
7576,6,6
7577,5,5
7578,5,5
7579,9,9
7580,9,4
7581,1,1
7582,1,1
7583,5,5
7584,7,9
7585,6,6
7586,8,8
7587,2,2
7588,9,9
7589,4,4
7590,3,3
7591,1,1
7592,9,9
7593,0,0
7594,9,9
7595,3,8
7596,6,6
7597,8,8
7598,7,7
7599,0,0
7600,1,1
7601,0,0
7602,5,5
7603,8,8
7604,2,2
7605,7,7
7606,7,7
7607,0,0
7608,1,1
7609,2,2
7610,3,3
7611,4,4
7612,5,5
7613,6,6
7614,7,7
7615,8,8
7616,9,9
7617,0,0
7618,1,1
7619,2,3
7620,3,3
7621,4,4
7622,5,5
7623,8,8
7624,9,9
7625,0,0
7626,1,1
7627,2,2
7628,3,3
7629,4,9
7630,5,5
7631,6,6
7632,7,7
7633,8,8
7634,9,9
7635,2,2
7636,1,1
7637,2,8
7638,1,1
7639,3,3
7640,9,9
7641,9,9
7642,8,8
7643,5,5
7644,3,3
7645,7,7
7646,0,0
7647,7,7
7648,7,7
7649,5,5
7650,7,7
7651,9,9
7652,9,9
7653,4,4
7654,7,7
7655,0,0
7656,3,3
7657,4,4
7658,1,1
7659,5,5
7660,8,8
7661,1,1
7662,4,4
7663,8,8
7664,4,4
7665,1,1
7666,8,8
7667,6,6
7668,6,6
7669,4,4
7670,6,6
7671,0,0
7672,5,5
7673,5,5
7674,3,3
7675,3,3
7676,5,5
7677,7,7
7678,2,2
7679,5,5
7680,9,9
7681,6,6
7682,9,9
7683,2,2
7684,6,6
7685,2,2
7686,1,1
7687,2,2
7688,0,0
7689,8,8
7690,3,3
7691,8,8
7692,3,5
7693,0,0
7694,8,8
7695,7,7
7696,4,4
7697,9,9
7698,5,5
7699,0,0
7700,9,9
7701,7,7
7702,0,0
7703,0,0
7704,4,4
7705,6,6
7706,0,0
7707,9,9
7708,1,1
7709,6,6
7710,2,2
7711,7,7
7712,6,6
7713,8,8
7714,3,3
7715,5,5
7716,2,2
7717,1,1
7718,8,8
7719,3,3
7720,8,8
7721,6,6
7722,1,1
7723,0,0
7724,2,2
7725,1,1
7726,4,4
7727,0,0
7728,1,1
7729,2,2
7730,3,8
7731,4,4
7732,5,5
7733,6,6
7734,7,2
7735,8,8
7736,9,7
7737,0,0
7738,1,1
7739,2,2
7740,3,3
7741,4,4
7742,5,5
7743,6,6
7744,7,7
7745,8,8
7746,9,9
7747,0,0
7748,1,1
7749,2,2
7750,3,3
7751,4,2
7752,5,5
7753,6,6
7754,7,9
7755,8,8
7756,9,8
7757,7,7
7758,6,6
7759,4,4
7760,7,8
7761,6,6
7762,2,2
7763,3,3
7764,4,4
7765,8,8
7766,7,7
7767,8,8
7768,6,6
7769,9,9
7770,8,8
7771,3,3
7772,2,8
7773,2,2
7774,8,8
7775,4,4
7776,8,8
7777,5,5
7778,6,6
7779,5,2
7780,0,0
7781,2,2
7782,0,0
7783,1,8
7784,1,1
7785,2,2
7786,9,7
7787,6,6
7788,8,8
7789,2,2
7790,1,8
7791,0,0
7792,6,6
7793,5,5
7794,2,2
7795,9,9
7796,7,7
7797,5,8
7798,3,2
7799,9,9
7800,3,2
7801,7,7
7802,1,8
7803,8,8
7804,3,2
7805,8,8
7806,1,1
7807,9,9
7808,5,5
7809,5,5
7810,0,0
7811,1,8
7812,1,8
7813,9,8
7814,8,8
7815,2,2
7816,6,6
7817,0,0
7818,4,4
7819,5,5
7820,0,0
7821,3,2
7822,1,1
7823,8,8
7824,6,6
7825,7,7
7826,5,5
7827,9,9
7828,9,9
7829,3,3
7830,0,0
7831,3,2
7832,1,1
7833,4,4
7834,4,4
7835,0,0
7836,4,4
7837,9,7
7838,0,0
7839,1,8
7840,2,2
7841,3,3
7842,5,2
7843,6,6
7844,7,7
7845,8,8
7846,0,0
7847,1,1
7848,2,2
7849,3,5
7850,5,2
7851,6,5
7852,7,7
7853,8,8
7854,9,9
7855,0,0
7856,1,8
7857,2,2
7858,3,8
7859,5,5
7860,6,6
7861,7,8
7862,8,8
7863,9,9
7864,9,9
7865,7,8
7866,0,0
7867,9,9
7868,0,0
7869,1,8
7870,5,5
7871,8,8
7872,8,8
7873,0,0
7874,9,9
7875,3,8
7876,2,2
7877,7,3
7878,8,8
7879,4,4
7880,6,6
7881,1,1
7882,0,0
7883,4,4
7884,9,9
7885,4,4
7886,2,2
7887,0,0
7888,5,5
7889,0,0
7890,1,1
7891,6,6
7892,9,9
7893,3,2
7894,2,2
7895,9,9
7896,1,1
7897,6,6
7898,0,0
7899,1,8
7900,1,8
7901,8,8
7902,7,8
7903,7,7
7904,6,6
7905,3,2
7906,6,6
7907,0,0
7908,7,7
7909,2,2
7910,4,4
7911,1,1
7912,7,8
7913,0,0
7914,6,6
7915,7,8
7916,1,1
7917,2,2
7918,5,5
7919,8,8
7920,1,1
7921,8,8
7922,2,2
7923,8,8
7924,7,8
7925,6,6
7926,8,8
7927,7,8
7928,1,1
7929,6,6
7930,2,2
7931,9,9
7932,3,3
7933,0,0
7934,1,1
7935,2,2
7936,3,3
7937,4,4
7938,5,5
7939,6,6
7940,7,7
7941,8,8
7942,9,9
7943,0,0
7944,1,1
7945,2,2
7946,3,2
7947,4,4
7948,5,5
7949,6,6
7950,7,7
7951,8,8
7952,9,9
7953,0,0
7954,1,8
7955,2,2
7956,3,3
7957,4,4
7958,5,5
7959,6,6
7960,7,7
7961,8,8
7962,9,9
7963,8,8
7964,9,8
7965,5,5
7966,7,7
7967,0,0
7968,3,3
7969,1,1
7970,6,6
7971,8,8
7972,4,4
7973,1,1
7974,5,5
7975,6,6
7976,4,4
7977,2,2
7978,7,2
7979,8,8
7980,1,1
7981,3,3
7982,4,4
7983,3,3
7984,4,4
7985,7,7
7986,2,2
7987,0,0
7988,5,5
7989,0,0
7990,1,8
7991,9,8
7992,2,2
7993,3,3
7994,2,2
7995,3,3
7996,5,5
7997,5,5
7998,7,7
7999,8,8
8000,4,4
8001,9,9
8002,9,9
8003,7,7
8004,1,1
8005,1,1
8006,9,9
8007,0,0
8008,7,7
8009,8,8
8010,3,8
8011,4,4
8012,8,8
8013,6,6
8014,3,3
8015,8,8
8016,0,0
8017,9,9
8018,6,6
8019,2,2
8020,1,1
8021,0,0
8022,1,8
8023,0,0
8024,6,6
8025,2,2
8026,3,3
8027,8,8
8028,9,9
8029,0,0
8030,7,3
8031,2,2
8032,3,3
8033,4,4
8034,5,5
8035,5,5
8036,2,2
8037,8,8
8038,5,5
8039,4,4
8040,6,6
8041,6,6
8042,6,6
8043,7,7
8044,9,9
8045,1,1
8046,8,8
8047,2,2
8048,1,1
8049,5,5
8050,3,2
8051,4,4
8052,7,7
8053,9,9
8054,4,4
8055,0,0
8056,0,0
8057,0,0
8058,1,1
8059,2,2
8060,3,3
8061,4,6
8062,5,5
8063,6,6
8064,7,8
8065,8,8
8066,9,9
8067,0,0
8068,1,8
8069,2,2
8070,3,3
8071,4,4
8072,5,5
8073,6,6
8074,7,7
8075,8,8
8076,9,9
8077,0,0
8078,1,1
8079,2,2
8080,3,3
8081,4,6
8082,5,5
8083,6,6
8084,9,9
8085,0,0
8086,1,1
8087,3,3
8088,1,8
8089,5,5
8090,1,1
8091,2,2
8092,4,4
8093,9,9
8094,2,8
8095,4,9
8096,6,6
8097,8,8
8098,0,0
8099,1,1
8100,1,8
8101,9,9
8102,2,2
8103,6,6
8104,6,6
8105,8,8
8106,7,8
8107,4,4
8108,2,2
8109,9,9
8110,7,7
8111,0,0
8112,2,2
8113,1,1
8114,0,0
8115,3,8
8116,6,6
8117,0,0
8118,1,1
8119,2,2
8120,3,3
8121,4,4
8122,5,5
8123,6,2
8124,7,7
8125,8,8
8126,9,9
8127,0,0
8128,1,1
8129,2,2
8130,3,3
8131,4,4
8132,5,5
8133,6,6
8134,7,7
8135,8,8
8136,9,9
8137,0,0
8138,1,1
8139,2,2
8140,3,5
8141,4,4
8142,5,5
8143,6,2
8144,7,7
8145,8,8
8146,9,3
8147,8,8
8148,6,6
8149,5,5
8150,9,9
8151,7,3
8152,0,0
8153,2,2
8154,3,3
8155,4,4
8156,3,5
8157,8,8
8158,5,5
8159,1,1
8160,5,5
8161,2,2
8162,3,3
8163,0,0
8164,1,1
8165,2,2
8166,1,1
8167,3,3
8168,2,2
8169,6,6
8170,5,5
8171,3,3
8172,0,0
8173,7,7
8174,2,2
8175,7,9
8176,4,4
8177,6,6
8178,4,4
8179,0,0
8180,5,5
8181,9,5
8182,9,9
8183,8,8
8184,9,9
8185,5,5
8186,3,5
8187,1,1
8188,7,7
8189,4,4
8190,7,7
8191,6,6
8192,5,5
8193,4,4
8194,0,0
8195,0,0
8196,6,5
8197,6,6
8198,2,2
8199,0,0
8200,6,6
8201,3,3
8202,7,7
8203,7,7
8204,4,4
8205,4,4
8206,3,3
8207,9,9
8208,2,2
8209,8,8
8210,9,6
8211,6,6
8212,0,0
8213,9,9
8214,5,5
8215,3,3
8216,8,8
8217,8,8
8218,7,7
8219,1,1
8220,4,4
8221,0,0
8222,4,4
8223,8,8
8224,5,5
8225,2,2
8226,3,3
8227,9,9
8228,0,0
8229,1,1
8230,9,9
8231,1,1
8232,5,5
8233,1,1
8234,7,7
8235,4,4
8236,8,8
8237,6,6
8238,2,2
8239,1,1
8240,6,6
8241,8,8
8242,8,8
8243,0,2
8244,1,1
8245,2,2
8246,3,9
8247,4,4
8248,7,7
8249,8,8
8250,9,9
8251,0,2
8252,1,1
8253,2,2
8254,3,5
8255,4,4
8256,6,6
8257,7,7
8258,8,8
8259,9,5
8260,0,0
8261,1,1
8262,2,2
8263,3,3
8264,4,4
8265,7,5
8266,8,8
8267,9,9
8268,1,1
8269,4,4
8270,5,5
8271,3,5
8272,3,3
8273,0,5
8274,9,9
8275,5,5
8276,4,4
8277,3,3
8278,0,0
8279,8,8
8280,4,4
8281,6,7
8282,7,2
8283,0,0
8284,7,7
8285,7,7
8286,1,1
8287,6,6
8288,9,4
8289,1,1
8290,3,5
8291,6,6
8292,2,2
8293,3,3
8294,8,8
8295,2,2
8296,3,8
8297,8,8
8298,9,5
8299,5,2
8300,8,8
8301,8,8
8302,7,7
8303,1,1
8304,7,7
8305,1,1
8306,1,1
8307,0,0
8308,3,3
8309,4,4
8310,2,2
8311,6,4
8312,4,4
8313,7,3
8314,4,4
8315,2,2
8316,7,2
8317,4,4
8318,2,8
8319,9,9
8320,2,2
8321,7,5
8322,9,5
8323,2,2
8324,1,1
8325,0,0
8326,6,2
8327,5,5
8328,3,3
8329,4,4
8330,8,2
8331,5,5
8332,9,9
8333,6,6
8334,9,9
8335,0,0
8336,6,7
8337,3,3
8338,0,0
8339,8,2
8340,1,1
8341,6,6
8342,0,0
8343,0,0
8344,1,1
8345,2,2
8346,3,3
8347,4,4
8348,5,5
8349,6,4
8350,7,7
8351,0,0
8352,1,1
8353,2,2
8354,3,3
8355,4,4
8356,7,7
8357,8,8
8358,9,9
8359,0,0
8360,1,1
8361,2,2
8362,3,5
8363,4,4
8364,7,7
8365,2,2
8366,5,5
8367,1,1
8368,6,6
8369,4,4
8370,3,3
8371,9,9
8372,9,4
8373,0,0
8374,9,2
8375,7,4
8376,1,1
8377,6,6
8378,4,4
8379,3,8
8380,6,6
8381,2,2
8382,0,2
8383,9,5
8384,8,8
8385,6,6
8386,5,5
8387,7,7
8388,0,0
8389,0,0
8390,1,1
8391,7,7
8392,4,4
8393,3,3
8394,2,2
8395,4,4
8396,1,1
8397,3,5
8398,7,7
8399,6,6
8400,4,4
8401,7,7
8402,7,7
8403,7,7
8404,9,9
8405,8,8
8406,4,4
8407,3,3
8408,8,2
8409,2,2
8410,8,6
8411,3,3
8412,5,5
8413,8,8
8414,0,0
8415,5,5
8416,4,4
8417,7,7
8418,1,1
8419,3,8
8420,1,1
8421,7,7
8422,9,9
8423,6,6
8424,2,2
8425,0,0
8426,9,2
8427,1,1
8428,7,7
8429,3,3
8430,3,3
8431,9,9
8432,1,1
8433,6,6
8434,4,4
8435,3,3
8436,9,9
8437,8,8
8438,2,2
8439,1,1
8440,8,8
8441,6,4
8442,4,2
8443,1,1
8444,5,5
8445,5,5
8446,6,6
8447,5,5
8448,0,0
8449,1,1
8450,2,2
8451,3,3
8452,4,4
8453,5,5
8454,6,6
8455,7,7
8456,8,8
8457,9,9
8458,0,0
8459,1,1
8460,2,2
8461,3,3
8462,4,4
8463,5,5
8464,6,6
8465,7,7
8466,8,8
8467,9,9
8468,0,0
8469,1,3
8470,2,2
8471,3,3
8472,4,4
8473,5,5
8474,6,6
8475,7,7
8476,8,8
8477,9,9
8478,6,6
8479,9,9
8480,7,7
8481,0,0
8482,2,2
8483,3,3
8484,4,4
8485,3,3
8486,8,8
8487,5,5
8488,1,1
8489,3,8
8490,0,0
8491,1,8
8492,2,2
8493,1,1
8494,3,3
8495,2,2
8496,0,0
8497,7,7
8498,2,2
8499,6,6
8500,4,4
8501,0,0
8502,5,8
8503,9,9
8504,9,9
8505,8,8
8506,9,9
8507,5,5
8508,3,2
8509,1,9
8510,7,7
8511,4,4
8512,7,5
8513,0,0
8514,0,0
8515,6,6
8516,6,6
8517,6,6
8518,3,3
8519,7,7
8520,4,9
8521,2,2
8522,8,8
8523,9,3
8524,8,8
8525,7,7
8526,1,1
8527,4,9
8528,0,0
8529,4,4
8530,8,8
8531,5,5
8532,2,2
8533,3,2
8534,9,9
8535,0,0
8536,1,1
8537,9,9
8538,1,1
8539,5,5
8540,1,1
8541,7,3
8542,6,6
8543,1,1
8544,2,2
8545,1,1
8546,6,6
8547,8,8
8548,0,0
8549,1,1
8550,2,2
8551,3,3
8552,4,4
8553,5,5
8554,6,6
8555,7,7
8556,8,8
8557,9,9
8558,0,0
8559,1,1
8560,2,2
8561,3,3
8562,4,4
8563,5,5
8564,6,6
8565,7,7
8566,8,8
8567,0,0
8568,1,1
8569,2,2
8570,3,3
8571,5,5
8572,6,6
8573,7,7
8574,8,8
8575,1,1
8576,0,0
8577,4,4
8578,5,5
8579,6,6
8580,6,6
8581,3,3
8582,4,4
8583,4,4
8584,2,2
8585,8,8
8586,1,1
8587,0,0
8588,6,6
8589,4,4
8590,9,9
8591,7,7
8592,2,2
8593,9,9
8594,2,2
8595,0,0
8596,9,9
8597,3,3
8598,3,3
8599,9,9
8600,1,1
8601,5,5
8602,2,2
8603,3,3
8604,1,1
8605,6,6
8606,7,7
8607,3,3
8608,7,7
8609,8,8
8610,4,7
8611,0,0
8612,2,2
8613,4,4
8614,0,0
8615,2,2
8616,4,4
8617,7,7
8618,8,8
8619,0,0
8620,7,7
8621,0,0
8622,6,6
8623,9,9
8624,3,3
8625,2,2
8626,4,4
8627,8,8
8628,6,6
8629,0,0
8630,5,5
8631,7,7
8632,5,5
8633,1,8
8634,0,0
8635,8,8
8636,1,1
8637,6,6
8638,7,7
8639,2,2
8640,9,9
8641,7,7
8642,9,9
8643,5,5
8644,6,6
8645,5,5
8646,2,2
8647,6,6
8648,2,2
8649,8,8
8650,1,1
8651,7,7
8652,5,5
8653,5,5
8654,7,7
8655,3,3
8656,5,5
8657,0,0
8658,1,1
8659,1,1
8660,3,3
8661,8,8
8662,4,4
8663,9,9
8664,4,4
8665,5,5
8666,1,1
8667,8,8
8668,6,6
8669,8,8
8670,9,9
8671,0,0
8672,1,1
8673,2,2
8674,3,3
8675,4,4
8676,5,5
8677,6,6
8678,7,7
8679,8,8
8680,9,9
8681,0,0
8682,1,1
8683,2,2
8684,3,8
8685,4,4
8686,5,5
8687,6,6
8688,7,7
8689,8,8
8690,9,9
8691,0,0
8692,1,1
8693,2,2
8694,3,3
8695,4,4
8696,5,5
8697,6,6
8698,7,7
8699,8,8
8700,9,9
8701,3,3
8702,5,5
8703,3,3
8704,2,2
8705,9,9
8706,3,3
8707,2,2
8708,1,1
8709,4,4
8710,5,5
8711,5,5
8712,2,2
8713,3,3
8714,2,2
8715,1,1
8716,3,3
8717,9,9
8718,7,7
8719,2,2
8720,1,1
8721,2,2
8722,8,8
8723,9,9
8724,1,4
8725,8,8
8726,8,8
8727,7,7
8728,8,8
8729,1,1
8730,0,0
8731,0,0
8732,6,6
8733,7,7
8734,7,7
8735,8,8
8736,7,7
8737,5,5
8738,0,0
8739,6,6
8740,1,1
8741,5,5
8742,7,9
8743,4,4
8744,6,6
8745,1,1
8746,2,2
8747,5,5
8748,0,0
8749,7,7
8750,9,9
8751,9,9
8752,0,0
8753,3,3
8754,4,4
8755,4,2
8756,8,8
8757,4,4
8758,1,1
8759,8,8
8760,6,6
8761,5,5
8762,9,9
8763,0,0
8764,0,0
8765,0,0
8766,3,3
8767,7,7
8768,1,1
8769,6,6
8770,4,4
8771,6,6
8772,0,0
8773,4,4
8774,5,5
8775,4,4
8776,1,1
8777,3,3
8778,8,8
8779,6,6
8780,3,3
8781,9,9
8782,9,9
8783,5,5
8784,9,9
8785,3,2
8786,7,7
8787,8,8
8788,5,5
8789,6,6
8790,4,4
8791,7,7
8792,6,6
8793,2,2
8794,2,2
8795,0,0
8796,9,9
8797,4,4
8798,0,0
8799,1,1
8800,2,2
8801,3,3
8802,4,4
8803,5,5
8804,6,6
8805,7,7
8806,8,8
8807,9,9
8808,0,0
8809,1,1
8810,2,2
8811,3,3
8812,4,4
8813,5,5
8814,6,6
8815,7,7
8816,8,8
8817,9,9
8818,0,0
8819,1,4
8820,2,2
8821,3,3
8822,4,4
8823,5,5
8824,6,6
8825,7,7
8826,8,8
8827,9,9
8828,6,6
8829,4,4
8830,2,2
8831,6,6
8832,4,4
8833,7,7
8834,5,5
8835,5,5
8836,4,4
8837,7,7
8838,2,2
8839,9,9
8840,3,3
8841,9,9
8842,3,3
8843,8,8
8844,2,2
8845,0,0
8846,9,9
8847,5,5
8848,6,6
8849,0,0
8850,1,1
8851,0,0
8852,6,6
8853,5,5
8854,3,3
8855,5,5
8856,3,3
8857,8,8
8858,0,0
8859,0,0
8860,3,3
8861,4,4
8862,1,1
8863,5,5
8864,3,3
8865,0,0
8866,8,8
8867,3,2
8868,0,0
8869,6,6
8870,2,2
8871,7,7
8872,8,8
8873,1,1
8874,7,7
8875,1,1
8876,3,3
8877,8,8
8878,5,5
8879,4,4
8880,2,2
8881,0,0
8882,9,9
8883,7,7
8884,6,6
8885,7,7
8886,4,4
8887,1,1
8888,6,6
8889,2,2
8890,6,6
8891,7,7
8892,1,1
8893,9,9
8894,8,8
8895,0,0
8896,6,6
8897,9,9
8898,4,4
8899,9,9
8900,9,9
8901,6,6
8902,2,2
8903,3,3
8904,7,7
8905,1,1
8906,9,9
8907,2,2
8908,2,2
8909,5,5
8910,3,3
8911,7,7
8912,8,8
8913,0,0
8914,1,1
8915,2,2
8916,3,3
8917,4,4
8918,7,7
8919,8,8
8920,9,9
8921,0,0
8922,1,1
8923,2,2
8924,3,3
8925,4,4
8926,7,7
8927,8,8
8928,9,9
8929,0,0
8930,1,1
8931,7,7
8932,8,8
8933,9,9
8934,8,8
8935,9,9
8936,2,2
8937,6,6
8938,1,1
8939,3,3
8940,5,5
8941,4,4
8942,8,8
8943,2,2
8944,6,2
8945,4,4
8946,3,3
8947,4,4
8948,5,5
8949,9,9
8950,2,2
8951,0,0
8952,3,8
8953,9,9
8954,4,4
8955,9,9
8956,7,7
8957,3,3
8958,8,8
8959,7,7
8960,4,4
8961,4,4
8962,9,9
8963,8,8
8964,5,5
8965,8,8
8966,2,2
8967,6,6
8968,6,6
8969,2,2
8970,3,3
8971,1,1
8972,3,3
8973,2,2
8974,7,7
8975,3,8
8976,1,1
8977,9,9
8978,0,0
8979,1,1
8980,1,1
8981,3,3
8982,5,5
8983,0,0
8984,7,7
8985,8,8
8986,1,1
8987,5,5
8988,1,1
8989,4,4
8990,6,6
8991,0,0
8992,0,0
8993,4,4
8994,9,9
8995,1,1
8996,6,6
8997,6,6
8998,9,9
8999,0,0
9000,7,7
9001,6,2
9002,1,1
9003,1,1
9004,0,0
9005,1,1
9006,2,2
9007,3,5
9008,4,4
9009,7,2
9010,2,2
9011,3,3
9012,4,4
9013,5,5
9014,6,6
9015,7,2
9016,0,8
9017,1,8
9018,2,2
9019,7,2
9020,8,8
9021,6,6
9022,3,3
9023,9,9
9024,7,2
9025,1,1
9026,9,9
9027,3,3
9028,9,9
9029,6,6
9030,1,1
9031,7,2
9032,2,2
9033,4,4
9034,4,4
9035,5,5
9036,7,2
9037,0,0
9038,0,0
9039,1,1
9040,6,6
9041,6,6
9042,8,8
9043,2,2
9044,7,2
9045,7,2
9046,2,2
9047,4,4
9048,2,2
9049,1,1
9050,6,6
9051,1,8
9052,0,0
9053,6,6
9054,9,9
9055,8,8
9056,3,3
9057,9,9
9058,6,6
9059,3,3
9060,0,0
9061,1,1
9062,2,2
9063,3,5
9064,4,4
9065,5,5
9066,6,6
9067,7,7
9068,8,8
9069,9,9
9070,0,0
9071,1,1
9072,2,2
9073,3,3
9074,4,2
9075,5,5
9076,6,6
9077,7,7
9078,8,8
9079,9,9
9080,0,0
9081,1,1
9082,2,2
9083,3,3
9084,4,6
9085,5,5
9086,6,6
9087,7,7
9088,8,8
9089,9,9
9090,1,1
9091,6,6
9092,8,8
9093,9,9
9094,9,9
9095,0,0
9096,1,1
9097,2,2
9098,4,4
9099,4,4
9100,3,3
9101,7,7
9102,4,4
9103,4,4
9104,4,4
9105,0,0
9106,3,3
9107,8,8
9108,7,7
9109,5,5
9110,8,3
9111,2,2
9112,1,8
9113,7,7
9114,5,5
9115,3,3
9116,8,8
9117,5,5
9118,2,2
9119,5,5
9120,1,1
9121,1,1
9122,6,6
9123,2,2
9124,1,1
9125,3,3
9126,8,8
9127,6,6
9128,4,4
9129,2,2
9130,6,6
9131,2,2
9132,5,5
9133,5,5
9134,0,0
9135,2,2
9136,8,8
9137,0,0
9138,6,6
9139,8,8
9140,1,1
9141,7,4
9142,9,9
9143,1,1
9144,9,9
9145,2,2
9146,6,6
9147,7,7
9148,6,6
9149,6,6
9150,8,8
9151,7,7
9152,4,4
9153,9,9
9154,2,2
9155,1,1
9156,3,3
9157,3,2
9158,0,0
9159,5,5
9160,5,5
9161,8,8
9162,0,0
9163,3,3
9164,7,7
9165,9,9
9166,7,7
9167,0,0
9168,2,2
9169,7,7
9170,9,9
9171,1,1
9172,7,7
9173,8,8
9174,0,0
9175,3,2
9176,5,5
9177,3,3
9178,6,6
9179,0,0
9180,1,1
9181,2,2
9182,3,3
9183,4,4
9184,5,5
9185,6,6
9186,7,4
9187,8,8
9188,9,9
9189,0,0
9190,1,1
9191,2,2
9192,3,3
9193,4,4
9194,5,5
9195,6,6
9196,7,7
9197,8,8
9198,9,8
9199,0,0
9200,1,1
9201,2,2
9202,3,8
9203,4,4
9204,7,7
9205,8,8
9206,9,8
9207,6,6
9208,4,4
9209,2,2
9210,6,6
9211,4,4
9212,7,7
9213,8,8
9214,9,8
9215,2,2
9216,9,9
9217,3,3
9218,9,9
9219,3,3
9220,0,0
9221,0,0
9222,1,1
9223,0,0
9224,4,4
9225,2,2
9226,6,6
9227,3,3
9228,5,5
9229,3,3
9230,0,0
9231,3,3
9232,4,4
9233,1,8
9234,5,5
9235,3,3
9236,0,0
9237,8,8
9238,3,3
9239,0,0
9240,6,6
9241,1,1
9242,7,7
9243,8,8
9244,0,0
9245,9,9
9246,2,2
9247,6,6
9248,7,7
9249,1,1
9250,9,9
9251,6,6
9252,9,9
9253,4,4
9254,9,9
9255,9,9
9256,6,6
9257,7,7
9258,1,1
9259,2,2
9260,5,5
9261,3,3
9262,7,7
9263,8,8
9264,0,0
9265,1,1
9266,2,2
9267,4,4
9268,5,5
9269,6,6
9270,7,7
9271,8,8
9272,9,9
9273,0,0
9274,1,1
9275,3,3
9276,4,4
9277,5,5
9278,6,6
9279,7,7
9280,8,5
9281,0,0
9282,1,1
9283,3,3
9284,4,4
9285,7,7
9286,8,8
9287,9,9
9288,7,7
9289,5,5
9290,5,5
9291,1,1
9292,9,9
9293,9,9
9294,7,7
9295,1,1
9296,0,0
9297,0,0
9298,5,5
9299,9,9
9300,7,7
9301,1,1
9302,7,7
9303,2,2
9304,2,2
9305,3,3
9306,6,4
9307,8,8
9308,3,2
9309,2,2
9310,0,0
9311,0,0
9312,6,6
9313,1,1
9314,7,7
9315,5,5
9316,8,8
9317,6,6
9318,2,2
9319,9,9
9320,4,4
9321,8,8
9322,8,8
9323,7,7
9324,1,1
9325,0,0
9326,8,8
9327,7,7
9328,7,7
9329,5,5
9330,8,8
9331,5,5
9332,3,2
9333,4,4
9334,6,6
9335,1,1
9336,1,1
9337,5,5
9338,5,5
9339,0,0
9340,7,7
9341,2,2
9342,3,3
9343,6,6
9344,4,4
9345,1,1
9346,2,2
9347,4,4
9348,1,1
9349,5,5
9350,4,4
9351,2,2
9352,0,0
9353,4,4
9354,8,8
9355,6,6
9356,1,1
9357,9,9
9358,0,0
9359,2,2
9360,5,5
9361,6,6
9362,9,9
9363,3,3
9364,6,6
9365,3,3
9366,6,4
9367,0,0
9368,1,1
9369,2,2
9370,3,3
9371,4,4
9372,5,5
9373,6,6
9374,7,7
9375,8,8
9376,9,9
9377,0,0
9378,1,1
9379,2,8
9380,3,3
9381,4,4
9382,5,2
9383,6,6
9384,7,7
9385,8,8
9386,9,9
9387,0,0
9388,1,1
9389,2,2
9390,3,3
9391,5,5
9392,6,6
9393,7,7
9394,8,8
9395,1,1
9396,0,0
9397,9,9
9398,5,5
9399,7,7
9400,5,5
9401,1,1
9402,8,8
9403,6,6
9404,9,9
9405,0,0
9406,4,4
9407,1,1
9408,9,9
9409,3,3
9410,8,8
9411,4,4
9412,4,4
9413,7,7
9414,0,0
9415,1,1
9416,9,9
9417,2,2
9418,8,8
9419,7,7
9420,8,8
9421,2,2
9422,5,5
9423,9,9
9424,6,6
9425,0,0
9426,6,6
9427,5,5
9428,5,5
9429,3,3
9430,3,3
9431,3,3
9432,9,9
9433,8,8
9434,1,1
9435,1,1
9436,0,0
9437,6,6
9438,1,1
9439,0,0
9440,0,0
9441,6,6
9442,2,2
9443,1,1
9444,1,1
9445,3,3
9446,2,2
9447,7,7
9448,7,7
9449,8,8
9450,8,8
9451,7,7
9452,8,8
9453,4,4
9454,6,6
9455,0,0
9456,2,2
9457,0,0
9458,7,7
9459,0,0
9460,3,2
9461,6,6
9462,8,8
9463,7,7
9464,1,1
9465,5,5
9466,9,9
9467,9,9
9468,3,3
9469,7,7
9470,2,2
9471,4,4
9472,9,9
9473,4,4
9474,3,3
9475,6,6
9476,2,2
9477,2,2
9478,5,5
9479,3,2
9480,2,2
9481,5,5
9482,5,5
9483,9,9
9484,4,4
9485,1,1
9486,7,7
9487,2,2
9488,0,0
9489,1,1
9490,2,2
9491,3,3
9492,4,4
9493,5,5
9494,6,2
9495,7,7
9496,8,8
9497,9,9
9498,0,0
9499,1,1
9500,2,2
9501,3,3
9502,4,4
9503,5,5
9504,6,6
9505,7,2
9506,8,8
9507,9,9
9508,0,0
9509,1,1
9510,2,2
9511,3,3
9512,4,4
9513,5,5
9514,6,6
9515,7,2
9516,8,8
9517,9,9
9518,1,1
9519,0,0
9520,1,1
9521,2,2
9522,7,9
9523,5,5
9524,3,3
9525,4,4
9526,4,4
9527,0,0
9528,0,0
9529,6,6
9530,9,3
9531,6,6
9532,6,6
9533,5,5
9534,7,7
9535,2,2
9536,3,3
9537,4,4
9538,4,4
9539,9,9
9540,1,1
9541,4,4
9542,0,0
9543,7,7
9544,9,9
9545,5,5
9546,7,7
9547,2,2
9548,3,3
9549,1,1
9550,4,4
9551,4,4
9552,0,0
9553,9,9
9554,9,9
9555,6,6
9556,1,1
9557,8,8
9558,3,3
9559,3,3
9560,7,7
9561,3,3
9562,9,9
9563,8,8
9564,8,2
9565,4,4
9566,7,8
9567,7,7
9568,6,6
9569,2,2
9570,1,1
9571,9,9
9572,8,8
9573,7,7
9574,8,8
9575,8,8
9576,7,3
9577,2,2
9578,2,2
9579,3,3
9580,9,9
9581,3,3
9582,3,3
9583,5,5
9584,5,5
9585,0,0
9586,7,7
9587,9,9
9588,5,5
9589,6,6
9590,5,5
9591,1,1
9592,4,4
9593,1,1
9594,1,1
9595,2,2
9596,8,8
9597,2,2
9598,6,6
9599,1,1
9600,5,5
9601,0,0
9602,1,1
9603,2,2
9604,3,3
9605,4,4
9606,5,5
9607,6,6
9608,7,7
9609,8,8
9610,9,5
9611,0,0
9612,1,1
9613,2,2
9614,3,5
9615,4,4
9616,5,5
9617,6,6
9618,7,7
9619,8,8
9620,9,9
9621,0,0
9622,1,1
9623,2,2
9624,3,8
9625,4,4
9626,5,5
9627,6,6
9628,7,7
9629,8,2
9630,8,8
9631,0,0
9632,6,7
9633,0,0
9634,0,2
9635,2,2
9636,3,3
9637,7,7
9638,9,9
9639,4,4
9640,7,7
9641,1,1
9642,9,9
9643,1,1
9644,7,7
9645,1,1
9646,4,4
9647,0,0
9648,0,0
9649,1,1
9650,7,7
9651,5,5
9652,7,8
9653,1,1
9654,3,3
9655,3,3
9656,3,5
9657,1,1
9658,6,6
9659,9,9
9660,7,7
9661,1,1
9662,3,2
9663,0,0
9664,2,2
9665,6,6
9666,0,8
9667,8,8
9668,9,9
9669,4,9
9670,3,3
9671,5,5
9672,4,4
9673,8,8
9674,1,6
9675,5,5
9676,9,9
9677,0,0
9678,6,6
9679,6,2
9680,3,3
9681,8,8
9682,1,1
9683,4,4
9684,7,7
9685,5,5
9686,2,2
9687,0,0
9688,0,0
9689,1,1
9690,7,7
9691,8,2
9692,9,9
9693,6,6
9694,8,8
9695,8,8
9696,2,2
9697,3,2
9698,6,7
9699,1,1
9700,2,2
9701,9,9
9702,5,5
9703,2,2
9704,0,0
9705,1,1
9706,2,2
9707,3,3
9708,4,4
9709,5,5
9710,6,3
9711,7,7
9712,8,8
9713,9,9
9714,0,0
9715,1,1
9716,2,2
9717,3,3
9718,4,4
9719,5,0
9720,6,6
9721,7,7
9722,8,8
9723,9,9
9724,0,0
9725,1,1
9726,2,2
9727,3,3
9728,4,4
9729,5,6
9730,6,2
9731,7,7
9732,8,8
9733,9,9
9734,7,4
9735,4,9
9736,6,6
9737,1,1
9738,4,4
9739,0,0
9740,9,9
9741,9,9
9742,3,3
9743,7,7
9744,8,8
9745,4,4
9746,7,7
9747,5,5
9748,8,8
9749,5,5
9750,3,3
9751,2,2
9752,2,2
9753,0,0
9754,5,5
9755,8,8
9756,6,6
9757,0,0
9758,3,5
9759,8,8
9760,1,1
9761,0,0
9762,3,3
9763,0,0
9764,4,4
9765,7,7
9766,4,4
9767,9,9
9768,2,5
9769,9,9
9770,5,0
9771,7,7
9772,1,1
9773,7,7
9774,1,1
9775,6,6
9776,6,6
9777,5,5
9778,6,6
9779,2,2
9780,8,8
9781,7,4
9782,6,2
9783,4,4
9784,9,9
9785,9,9
9786,5,5
9787,3,3
9788,7,7
9789,4,4
9790,3,3
9791,0,0
9792,4,4
9793,6,5
9794,6,6
9795,1,1
9796,1,1
9797,3,3
9798,2,2
9799,1,1
9800,0,0
9801,0,0
9802,1,1
9803,2,2
9804,3,3
9805,4,4
9806,7,7
9807,8,8
9808,9,9
9809,0,0
9810,1,1
9811,2,8
9812,3,3
9813,4,4
9814,5,5
9815,6,6
9816,7,7
9817,8,8
9818,0,0
9819,1,1
9820,2,2
9821,3,3
9822,4,4
9823,7,7
9824,8,8
9825,9,9
9826,0,0
9827,8,8
9828,3,3
9829,9,9
9830,5,5
9831,5,5
9832,2,2
9833,6,6
9834,8,8
9835,4,4
9836,1,1
9837,7,7
9838,1,1
9839,2,7
9840,3,3
9841,5,5
9842,6,6
9843,9,9
9844,1,1
9845,1,1
9846,1,1
9847,2,2
9848,1,1
9849,2,2
9850,0,0
9851,7,7
9852,7,7
9853,5,5
9854,8,8
9855,2,2
9856,9,9
9857,8,8
9858,6,9
9859,7,7
9860,3,3
9861,4,4
9862,6,6
9863,8,8
9864,7,7
9865,0,0
9866,4,4
9867,2,3
9868,7,7
9869,7,7
9870,5,5
9871,4,4
9872,3,3
9873,4,4
9874,2,2
9875,8,9
9876,1,1
9877,5,5
9878,1,4
9879,0,1
9880,2,2
9881,3,3
9882,3,5
9883,5,5
9884,7,7
9885,0,0
9886,6,6
9887,8,8
9888,6,6
9889,3,3
9890,9,4
9891,9,4
9892,8,6
9893,2,3
9894,7,7
9895,7,7
9896,1,1
9897,0,0
9898,1,1
9899,7,7
9900,8,8
9901,9,9
9902,0,0
9903,1,1
9904,2,8
9905,3,9
9906,4,4
9907,5,5
9908,6,6
9909,7,7
9910,8,8
9911,0,0
9912,1,1
9913,2,2
9914,3,8
9915,4,4
9916,7,7
9917,8,8
9918,9,9
9919,7,7
9920,8,8
9921,6,6
9922,4,4
9923,1,1
9924,9,9
9925,3,5
9926,8,2
9927,4,4
9928,4,4
9929,7,7
9930,0,0
9931,1,1
9932,9,9
9933,2,2
9934,8,8
9935,7,7
9936,8,8
9937,2,2
9938,6,6
9939,0,0
9940,6,4
9941,5,5
9942,3,5
9943,3,8
9944,3,8
9945,9,9
9946,1,1
9947,4,4
9948,0,0
9949,6,6
9950,1,1
9951,0,0
9952,0,0
9953,6,6
9954,2,2
9955,1,1
9956,1,1
9957,7,7
9958,7,7
9959,8,8
9960,4,4
9961,6,6
9962,0,0
9963,7,7
9964,0,0
9965,3,3
9966,6,6
9967,8,8
9968,7,7
9969,1,1
9970,5,5
9971,2,2
9972,4,4
9973,9,9
9974,4,4
9975,3,3
9976,6,6
9977,4,4
9978,1,1
9979,7,7
9980,2,2
9981,6,6
9982,5,6
9983,0,0
9984,1,1
9985,2,2
9986,3,3
9987,4,4
9988,5,5
9989,6,6
9990,7,7
9991,8,8
9992,9,9
9993,0,0
9994,1,1
9995,2,2
9996,3,5
9997,4,8
9998,5,5
9999,6,6
